505.5	657	1.3	10.83
501	652	1.3	14.79
492	649	1.325	16.53
472.6666667	635	1.346666667	13.79666667
464.6666667	630.6666667	1.36	13.93333333
527	670.5	1.27	16.425
522.5	664.5	1.27	15.45
435.5	620	1.425	17
456	627	1.375	16
471.8333333	633.8333333	1.343333333	15.34333333
482	640.5	1.331666667	15.18833333
524	662.5	1.265	15.955
527	657.5	1.245	16.805
515	661.5	1.285	16.805
497	645.5	1.3	17.365
506	648	1.285	17.17
500	653	1.305	17.29
520	678	1.3	13.08
534	692	1.3	12.55
505.75	647.25	1.28	17.6775
506.75	651.5	1.285	17.575
542	678	1.25	12.38
543.5	679.5	1.25	14.485
502.5	649	1.295	18.155
510	652.3333333	1.28	16.42333333
519	679	1.31	12.58
512	676	1.32	13.78
516.3333333	670	1.296666667	17.32666667
514	665	1.296666667	17.83
497.6666667	648.6666667	1.303333333	17.54
496.6666667	648.3333333	1.303333333	17.65666667
505.3333333	647.6666667	1.283333333	17.72
511.3333333	649.6666667	1.273333333	18.55666667
490	656.5	1.34	13.86
509	668.5	1.315	13.145
531.5	687.5	1.29	12.01
534.5	693.5	1.295	13.655
484	646.5	1.34	13.515
495.5	658	1.33	12.78
421	603.5	1.435	16.875
442	628	1.42	15.71
535	705.5	1.315	13.335
422	609.5	1.445	16.665
446	626	1.405	14.95
482.5	648.5	1.34	12.595
506.5	666	1.315	13.32
497.25	647.75	1.3025	18.005
497.75	648.75	1.3025	17.11
532.3333333	697	1.31	16.81666667
537.6666667	698	1.296666667	16.20333333
512.5	695	1.355	12.64
484	672	1.39	14.05
494	648.8333333	1.316666667	14.14833333
516.1666667	665.5	1.29	12.48166667
517.25	693.5	1.34	13.3725
505	682	1.35	12.7175
538	709	1.32	15.065
545	710.5	1.3	15.455
511	695	1.36	12.275
497.5	676	1.36	12.735
492.75	656.25	1.3325	13.3225
461.5	629.75	1.365	14.6325
505	683	1.355	12.96
489.5	669.5	1.37	13.1
528	678	1.29	14.09
501.25	677.75	1.355	13.9475
499.6666667	661.6666667	1.326666667	12.39
480	651.6666667	1.36	12.95
537	709.6666667	1.323333333	10.96
525.3333333	707	1.346666667	12.44333333
523.5	695	1.33	13.475
498	670	1.345	13.805
516.5	690.5	1.335	12.395
512.5	693.5	1.355	13.015
536	705.5	1.315	13.35
505	689	1.37	13.675
469.5	623.5	1.33	13.555
451	607.5	1.345	14.465
530	692.6666667	1.306666667	14.08666667
534.3333333	691.6666667	1.296666667	16.76666667
517.3333333	651.3333333	1.26	16.82333333
520.3333333	647.3333333	1.243333333	16.39666667
504	687.6666667	1.366666667	13.12333333
497	678.5	1.365	14.65
514.5	671	1.305	16.57
514.5	667	1.3	16.03
523.5	677.5	1.295	16.63
520	671	1.29	16.69
489.6666667	641	1.31	17.12
487.6666667	639.3333333	1.31	16.72333333
512	664	1.3	16
505	666.5	1.32	16.22
491.75	640	1.3025	17.52
480.75	643.25	1.3375	16.4175
486	643.75	1.3275	14.0425
469.6666667	629	1.34	15.19
509.6666667	688.6666667	1.35	13.59
486.6666667	674	1.383333333	15.19666667
500	665.5	1.33	14.75
519	677.5	1.305	15
523.3333333	721	1.376666667	13.54333333
494.6666667	700.6666667	1.413333333	14.73333333
543.6666667	747.6666667	1.373333333	12.21
531	735.6666667	1.386666667	13.03666667
494	669.3333333	1.356666667	13.34666667
464	645	1.39	14.23666667
489	669.5	1.375	12.55
466.5	652.5	1.4	15.545
484	648.5	1.34	15.75
471.5	649.5	1.375	16.955
500	687	1.373333333	15.26333333
488	679.3333333	1.39	14.83333333
550.6666667	693.3333333	1.256666667	12.21333333
552.6666667	688.6666667	1.246666667	11.38333333
518.6666667	666.6666667	1.286666667	11.51666667
537	686.6666667	1.28	12.06666667
512	665.5	1.3	12.84
523.5	674.5	1.285	12.415
490	639.6666667	1.306666667	14.06666667
479	644	1.34	13.23
489	658.5	1.345	12.97
476	642	1.35	13.23
522	687	1.315	12.95
496	672.5	1.355	13.885
519	713	1.375	13.205
500.5	700.5	1.4	13.955
524	695.5	1.325	13.59
524	700	1.34	13.02
497	657.5	1.325	13.375
479	641.5	1.34	14.705
544	713.5	1.315	14.22
496.6666667	656.3333333	1.323333333	13.24333333
441.3333333	620.3333333	1.406666667	17.16666667
504	652	1.296666667	18.26333333
508	656	1.293333333	17.78666667
503	666.6666667	1.326666667	17.02
504.3333333	665.3333333	1.323333333	16.83666667
499	654	1.31	16.82
487.3333333	648	1.325	17.63
514.5	676.5	1.315	13.7
521	678	1.3	12.32
507	663	1.31	12.05
460	636	1.38	16.65
514	670	1.3	14
442	630	1.42	15.65
509.6666667	657.3333333	1.29	14.15
436.3333333	600	1.376666667	17.66666667
515.5	682	1.32	16.93
509	666	1.31	17.67
502	688.5	1.375	14.155
471.5	679.5	1.445	16.025
462	657.5	1.42	15.01
517	679	1.31	13.66
469	645	1.38	17.28
527	690	1.31	13.84
480	653	1.36	16
512.25	684.75	1.3375	14.8775
476	663	1.396666667	15.89666667
471	652	1.39	14.02
462.5	654.5	1.42	13.62
437	622	1.42	15.89
440.6666667	621.6666667	1.41	16.01333333
440	648	1.47	16.38
443.3333333	649.6666667	1.466666667	15.84666667
492	649	1.32	12.55
492	643.5	1.31	13.125
492.5	670	1.36	16.105
503.5	670	1.33	14.195
533	674	1.265	13.06
530	670.5	1.265	13.585
507	649	1.28	15.615
502.5	646	1.285	15.585
536.5	677.5	1.265	13.135
511.5	652.5	1.275	14.415
521.5	687.5	1.3175	12.5625
501.75	669.75	1.335	13.9475
519.5	654	1.255	15.65
497.5	641	1.29	16.5
514	662.5	1.29	13.325
526.5	679.5	1.295	13.84
525	668.3333333	1.273333333	13.04
539.3333333	681	1.263333333	12.68333333
516.6666667	667.3333333	1.29	12.50666667
532.6666667	673.3333333	1.263333333	11.16666667
506.6666667	653	1.293333333	13.02666667
534.3333333	676	1.266666667	12.26
502.5	657.5	1.305	13.29
522	668.5	1.285	13.84
506.5	654.5	1.295	14.39
518	665	1.28	12.9
496	619.5	1.25	13.685
515.5	633	1.23	13.255
500.5	681	1.36	14.16
486.5	672	1.38	15.975
486	634	1.306666667	16.23666667
502	641.3333333	1.276666667	15.13
509.5	650.5	1.275	12.86
509.5	653.5	1.28	12.9
499.25	630.75	1.265	14.85
509.5	635.75	1.2475	14
519.5	660.5	1.27	14.25
529	662	1.25	13.25
489	634	1.296666667	15.53666667
507	642.6666667	1.266666667	14.65333333
503.6666667	638.6666667	1.266666667	15.07666667
507.3333333	643.3333333	1.266666667	13.77666667
512	650.3333333	1.27	13.90333333
515	650.3333333	1.263333333	13.00333333
534	678	1.27	15.05
551	688	1.25	13.96
537.5	683	1.27	13.46
547.5	693	1.27	15.21
492.6666667	618.6666667	1.26	15.13666667
505	632	1.253333333	15.23333333
491.6666667	628.3333333	1.28	14.45333333
511	645.6666667	1.263333333	13.42
530	669	1.26	14.3
519	664	1.28	14.55
492.5	650	1.32	15.085
497.5	655	1.315	13.6
490.3333333	624.6666667	1.273333333	13.94333333
508.3333333	640.3333333	1.263333333	13.33666667
527	653	1.24	12.825
521	660	1.27	13.415
533.3333333	679.3333333	1.273333333	12
551.3333333	698.3333333	1.263333333	12.78666667
523.5	667.5	1.275	13.165
536.5	684.5	1.275	13.025
505.5	635.5	1.255	16.445
495.5	626	1.265	16.685
509	648.5	1.275	16.475
496.5	636	1.28	16.75
500	635.5	1.27	16.25
499	637	1.28	16.5
535.5	672	1.255	14.3
510	652	1.275	16
494	625.5	1.265	15
510	638	1.255	14.615
507.6666667	680	1.34	13.35
491.6666667	666.6666667	1.356666667	14.21
496.5	637.5	1.28	17
503	643.5	1.28	16.75
513.5	653	1.275	16.41
521	659.5	1.265	15.44
506.5	653.5	1.29	14.335
496	642	1.295	15.75
513	662	1.29	15.91
515.5	665.5	1.29	16.75
498	630.5	1.265	16.25
508	638.5	1.255	15.895
493.5	634	1.28	17
507.5	643.5	1.27	17.75
468.3333333	622.3333333	1.326666667	17.41666667
478	629.6666667	1.316666667	17.16666667
514.5	667	1.295	15.175
507.5	662.5	1.305	15.315
536.5	690	1.285	14.965
527.5	681	1.29	14.92
520.5	676.5	1.3	15.39
504.5	662	1.315	14.405
500	656	1.31	14.825
489.5	647.5	1.32	16
509	675.5	1.33	14.555
500.5	666.5	1.335	15.5
473.5	625.5	1.32	15.25
469	621	1.325	15.75
504.5	645.5	1.28	14.5
489.5	637.5	1.3	17
521.5	666.5	1.28	15.75
511.5	664.5	1.3	14.97
534.5	679	1.27	15.49
522.5	669.5	1.28	15.535
487	638	1.31	14.045
483	633.5	1.31	15
507	669	1.315	13.49
491.5	661.5	1.345	14.3
504	671.5	1.335	14.83
496.5	663.5	1.335	16
499	660.5	1.325	15.75
486.5	652	1.34	15
539.5	708	1.31	14.6
527	700.5	1.33	14.355
533.3333333	713	1.336666667	14.04333333
527.6666667	709	1.343333333	14.6
569.5	728.5	1.28	14.335
552.5	720.5	1.305	14.395
609	714	1.17	12.6
603	713	1.18	12.5
612	701	1.15	13
613	700	1.14	13.2
605	703	1.16	12.25
605	703	1.16	12.8
521	700	1.34	13.67
522	715	1.37	13.5
611	752	1.23	11
599	737	1.23	10.5
605	712	1.18	12.35
609	716	1.18	12.5
661	789	1.19	11.69
646	778	1.2	11.72
635	726	1.14	12
631	721	1.14	11.6
605.5	736.5	1.22	11
607.5	738.5	1.215	11.25
598	713	1.19	11.2
586	705	1.2	12
599	696	1.16	13.14
597	695	1.16	13.58
623	724	1.16	12.05
609	706	1.16	12.5
634	720	1.14	11.5
636	719	1.13	11.8
623	724	1.16	12.1
625	727	1.16	12.16
634	723	1.14	12.3
622	717	1.15	11.9
603	710	1.18	12
604	712	1.18	12.55
601	690	1.15	12.4
592	682	1.15	12.7
611	708.5	1.16	11.725
603.5	706	1.17	11.625
603	693	1.15	11.8
591	682	1.15	12
605	705	1.17	11.92
597	696	1.16	12.36
613	701	1.14	13
609	695	1.14	12.77
598	691	1.16	13.42
591	684	1.16	13.72
598	691	1.16	12.19
588	678	1.15	13.5
602	701	1.16	12.45
603	695	1.15	11.84
628	737	1.17	11.7
620	731	1.18	12.62
642	745	1.16	13
621	730	1.18	12.42
594	717	1.21	12.45
590	707	1.2	12.2
587	727	1.24	12.15
588	726	1.24	12.25
586	705	1.2	12.5
584	709	1.22	12.55
587	701	1.19	11.7
589	702	1.19	12.5
591	723	1.22	11.65
576	696	1.21	12.5
617	731	1.19	12.3
594	714	1.2	12.55
575	703	1.22	13
565	686	1.21	11.92
636	756	1.19	11.83
618	739	1.2	12.23
619	735	1.19	12.5
617	739	1.2	12.67
623	725	1.16	12.12
604	716	1.19	11.84
629	731	1.16	12.45
601	706	1.18	13.56
631	735	1.17	11.83
626	727	1.16	13.61
632	725	1.15	11.81
627	713	1.14	12.05
643	735	1.14	12.92
622	713	1.15	12.34
606	696	1.15	13.25
605	703	1.16	13.83
605	699	1.16	14
601	698	1.16	14.12
604	705	1.17	11.93
605	694	1.15	13.07
617	711	1.15	12.08
629	721	1.15	12.15
635	722	1.14	11.5
649	728	1.12	11.54
639	731	1.14	11.6
630	724	1.15	11.5
616	744	1.21	11
601	732	1.22	11
584	730	1.25	12.5
582	728	1.25	13.45
587	711	1.21	11.65
584	709	1.21	12.65
577	708	1.23	11
578	708	1.22	11.5
586.5	735.5	1.255	12
581.5	729	1.255	12.25
524.3333333	661.3333333	1.26	14.58333333
530.6666667	665	1.253333333	14.38333333
616	750	1.22	12.8
507.25	650	1.2825	13.82
529	671	1.2675	14.2725
618	756	1.22	14.75
613	750	1.22	14
546.5	699	1.28	13.21
534.5	694.5	1.3	13.44
543.6666667	668.3333333	1.23	13.42
549.6666667	673.3333333	1.226666667	14.44
631	748	1.19	13.72
623	744	1.19	13.6
502.4	640.7	1.276	14.958
578	710	1.23	12.34
576	702	1.22	11.28
569	717	1.26	11.67
591	737	1.25	12.95
591	702	1.19	13.17
550	674	1.22	13.5
604	723	1.2	13.44
609	726	1.19	13.33
609	737	1.21	11.55
619	737	1.19	11.94
617	736	1.19	13.57
609	727	1.19	12.12
624	747	1.2	12.5
587	732	1.25	12.25
533	677	1.27	12.575
524.5	672.5	1.28	13.595
618	732	1.18	13.22
605	726	1.2	12.5
541	698	1.29	14.86
528	686.5	1.3	14.295
526	674.8	1.284	14.744
530.6	674.8	1.272	14.378
539	678.5	1.26	14.25
519	663	1.275	15.595
523.5	678	1.295	13.82
527	677	1.285	14.055
513.5	661.5	1.29	14.315
528	674	1.275	16.185
538	684.5	1.27	15.835
523	678	1.295	13.53
537.5	672.5	1.25	14.25
527	665.5	1.265	15.05
525	674	1.285	13.705
523.5	672.5	1.29	13.58
518.5	675	1.305	13.705
517	663	1.285	14.44
506.5	652	1.285	14.41
509.5	645	1.265	14.87
508	675	1.33	13.655
515	682	1.32	13.545
518	663	1.285	13
515	656	1.275	13.5
520	692.5	1.33	14.025
531	696.5	1.31	14.245
517.3	661.1	1.278	14.02
521.7777778	675.6666667	1.294444444	15.53888889
527.5	686.5	1.3	14.525
533	689	1.295	14.825
530.5	688	1.295	14.795
531.5	690.5	1.3	14.995
493.6666667	649.3333333	1.316666667	14.17333333
508.3333333	665.3333333	1.306666667	13.90333333
499	648.6666667	1.3	14.65
501	659.5	1.315	14.305
530.2	677.6	1.278	14.836
540	690	1.276	14.454
544.1428571	680.1428571	1.248571429	15.32428571
527.8571429	667.7142857	1.264285714	16.62571429
493.8571429	661.2857143	1.34	17.80285714
497.7142857	669.7142857	1.345714286	18.14142857
518.6666667	665.3333333	1.281666667	17.31166667
516.8333333	666.8333333	1.291666667	16.71
547	687.6	1.258	15.138
538.4	678.4	1.26	15.382
523	670	1.28	14.11333333
536.6666667	678	1.263333333	14.48666667
507.5	667	1.315	14.275
518.5	676	1.305	14.825
622	733	1.18	12.55
517.5	677	1.31	13.15
528	686.5	1.3	14.515
540	688	1.275	15.04
541	687.5	1.27	16
528.3333333	705	1.333333333	13.92
532.6666667	714	1.34	15.04
512.6666667	676.3333333	1.32	14.93333333
513	672.3333333	1.31	14.99
508.25	647	1.2725	16.2925
512.5	651.75	1.2725	15.845
517	668.5	1.295	15
524	673.5	1.285	15.615
500.5	647.25	1.295	16.1925
513.75	660.5	1.285	15.4525
500.5	654.5	1.305	14.695
502.5	660	1.31	15.46
513.5	689	1.34	15.09
511.5	698	1.365	14.25
533.75	693.75	1.3	14.79
538.5	699.75	1.3	14.5775
519.3333333	673.6666667	1.296666667	13.88666667
518	677	1.306666667	13.84666667
499	642.5	1.29	14.62
502.5	643.5	1.285	15.165
499.5	653.5	1.31	14.955
508.5	648.5	1.275	15.035
531.5	685	1.29	14.74
527	686.5	1.3	14.805
511	650.5	1.27	15.125
517.5	659.5	1.275	15.14
505.5	662	1.31	14.19
515	676	1.315	14.14
496.5	653.5	1.32	15.75
508.5	664.5	1.305	15
510.5	656.5	1.283333333	15.10833333
514.5	659.5	1.281666667	15.64333333
505	647	1.28	14.35
512	660	1.29	14.22
502.75	642.75	1.2775	14.85
516.5	657	1.2725	15.2025
519.6666667	669	1.286666667	14.09
526.6666667	673.6666667	1.276666667	14.99333333
511.8	629.2	1.36	15.33
513.5	644.3333333	1.383333333	14.65833333
530	681	1.2825	14.9225
531	680.25	1.2825	13.69
515.75	616.5	1.195	14.6825
507.375	628.5	1.23875	15.45125
507	654.6666667	1.29	15.16666667
515	664.6666667	1.293333333	14.76
514.5	674	1.31	14.615
531	677.5	1.28	14.365
500.4	642.2	1.282	14.696
508.8	649.6	1.274	15.852
502.8888889	637.6666667	1.271111111	14.92777778
516.6666667	650	1.256666667	15.05777778
497.5	631.1666667	1.27	14.78666667
513.4	637.8	1.242	15.46
518.5	670.5	1.295	14.3
522.5	675	1.29	14.2
501.5	650	1.295	14.3125
520	669.25	1.2875	14.6575
516.6666667	673.6666667	1.303333333	15.56
534	683.6666667	1.28	13.91666667
505.25	652.75	1.295	15.2275
519.5	663.75	1.2775	14.655
507.2	637.2	1.256	14.152
508.6	643.4	1.264	15.258
504	643.6666667	1.276666667	14.58
516	652.3333333	1.263333333	15.16666667
506.25	648.25	1.2825	16.065
527.6666667	672.3333333	1.276666667	15.37333333
497.6666667	639	1.28	15.72
450	643.3333333	1.49	14.45333333
509	674.5	1.325	13.31
523.5	684	1.31	13.36
513.6666667	703.3333333	1.37	14.85
530	715	1.35	14.11666667
505	642.3333333	1.273333333	14.46
514.3333333	652.6666667	1.27	14.41333333
501.3333333	643.3333333	1.283333333	13.74333333
516.3333333	650.6666667	1.256666667	14.31
531	656	1.24	14.31
609	701	1.15	9.34
642	730	1.14	8.05
555	680	1.23	13.24
534	665	1.25	10.9
615	722	1.17	8.06
658	765	1.16	9.65
600	710	1.18	8
624	738	1.18	9
575	680	1.18	12.3
587	693	1.18	14.25
579	690	1.19	13.3
568	677	1.19	11
566.5	673.5	1.19	11.19
572.5	684.5	1.195	11.96
559	662	1.18	11.85
558	666	1.19	11.03
552	688	1.24	11.95
550	677	1.23	11.92
557	672	1.21	12.05
544	675	1.24	12
544	648	1.19	10.8
573	682	1.19	15.06
503	640.6666667	1.273333333	15.45333333
499.6666667	640	1.28	15.21666667
529	679	1.285	16
509	669	1.315	15.25
578	716	1.24	13.17
604	730	1.21	12.48
515.5	655	1.27	16.29
505.5	658	1.3	15.915
514.5	663	1.29	14.725
490.5	650	1.325	16.225
542.3333333	665	1.226666667	13.98333333
516.3333333	644	1.246666667	15.5
534	682.5	1.28	15.165
525	681.5	1.295	15.75
526	664.5	1.265	14.125
524	660.5	1.26	14.675
538	686.5	1.275	14.125
518	678	1.31	15.75
528.5	663	1.255	15.67
493	645.5	1.31	15.525
515	659	1.28	14.58
495	654.5	1.32	15.325
511.6666667	660	1.29	14.81
478.6666667	642.3333333	1.34	15.51666667
542.5	683	1.255	13.635
517	657.5	1.27	14.82
546	681.5	1.25	14
532.5	663.5	1.245	13.2625
566	688.3333333	1.216666667	11.85
535	659	1.23	12.43333333
535	669.6	1.248	14.15
516.2	652	1.264	15.308
520	664.3333333	1.28	15.67
509	654.3333333	1.286666667	15.61666667
489.6666667	641.6666667	1.31	15.85333333
485.3333333	637	1.313333333	16.1
533.5	683	1.28	14.575
530	676	1.275	15.855
509	650.5	1.275	15.05
516	653.5	1.265	15.875
530	674.5	1.275	14.8
523	671.5	1.285	14.665
519.5	656	1.265	15.75
507	655.5	1.295	16.69
537.5	685.5	1.275	15.925
519.5	679	1.305	16.25
501.5	653	1.305	14.835
488	648.5	1.33	16.75
519.4285714	666.4285714	1.284285714	12.25857143
528	671.4285714	1.272857143	12.88142857
542	676	1.25	15.5
523.6666667	661.3333333	1.263333333	15.66666667
531	672.5	1.265	15.5
512.5	669	1.305	14.75
524	662.5	1.265	15.05
502	645	1.285	14.46
518.5	660.5	1.275	14.545
534	665	1.245	15.515
502.3333333	649	1.29	15
489	636.6666667	1.3	16.66666667
530	666	1.26	14.05
516.3333333	657.3333333	1.27	14
500	635.3333333	1.27	15.61666667
504	640.3333333	1.27	14.96
520.5	670	1.285	14.095
511.5	663.5	1.295	15.415
501.5	647	1.29	14.495
523.5	666.5	1.275	15.87
516	660	1.28	13.475
507.5	654	1.29	15.35
512.5	666.5	1.3	15.56
520.5	673	1.295	15.155
589	713	1.21	12.08
599	717	1.2	13
500	642.5	1.285	15.5525
465.5	621.75	1.3375	16.7775
523.5	692	1.32	15.8
536	699	1.305	15.475
531.6666667	671.3333333	1.266666667	14.75666667
459.6666667	627.6666667	1.366666667	16.71
509.6666667	642.3333333	1.263333333	15.78333333
514.3333333	650.6666667	1.263333333	15.49666667
517.5	649.5	1.255	15.465
498.5	643	1.29	14.915
530	680.5	1.285	14.925
529.5	694	1.31	15.35
516.5	654	1.265	15.055
526	663.5	1.26	14.995
600	722	1.2	12.33
614	735	1.2	13
507.5	663.5	1.31	15.435
520.5	669.5	1.29	14.81
515	661	1.285	15.795
510.5	653.5	1.28	13.995
512.5	685	1.34	15.325
523.5	681.5	1.305	14.085
504.5	679.5	1.35	15.375
521.5	692.5	1.33	15.965
488	654	1.335	14.34
507	672.5	1.33	16.22
512.3333333	656	1.28	14.11
528	690	1.31	14.75
522.5	660.5	1.265	15.415
538.5	679	1.26	14.835
505.5	648.5	1.285	15.555
518.5	660.5	1.275	14.1
499.6666667	645	1.29	15.37333333
514	645	1.256666667	13.42
518	666.5	1.29	13.815
525.5	663	1.26	13.225
516	654.5	1.265	15.175
527	665	1.26	13.89
524	660	1.26	15.06
518	661.5	1.275	12.46
522	663	1.27	13.975
528.5	669.5	1.27	14.105
511	650.5	1.27	16.355
515	651	1.265	16.265
517.5	657	1.27	14.715
515	648	1.26	15.025
527	665	1.26	17.525
520.5	656.5	1.26	14.66
601	722	1.2	12.87
605	723	1.2	12.31
593	705	1.19	12.82
628	740	1.18	13.15
615	740	1.2	14.5
600	729	1.22	14
642	758	1.18	11.74
631	747	1.18	11.52
614	719	1.17	12.22
611	715	1.17	11.67
614	712	1.16	11.44
634	723	1.14	11.44
630	757	1.2	11.73
621	733	1.18	13.05
648	752	1.16	11.99
630	741	1.18	12.58
642	739	1.15	11.28
641	737	1.15	11.65
639	750	1.17	12.58
646	758	1.17	12.64
638	756	1.19	11.68
638	755	1.18	11.9
619	720	1.16	12.71
621	719	1.16	12.4
623	727	1.17	13.45
617	720	1.17	13.8
623	731	1.17	13.48
630	743	1.18	13.56
619	733	1.18	12.95
618	730	1.18	13.03
626	728	1.16	13.27
628	725	1.15	11.92
603	715	1.19	14.17
616	731	1.19	14.325
537.3333333	680.6666667	1.266666667	12.81333333
543.3333333	675	1.243333333	13.04666667
508	647	1.27	14.69
501.6666667	652	1.295	14.15333333
509.5	657.5	1.29	14.945
500	658	1.32	14.685
518	671	1.29	13.78
529	680	1.28	12.89
514	662	1.29	12.5
531	685	1.29	12.96
514.3333333	674.6666667	1.313333333	12.45
529.6666667	689.3333333	1.303333333	12.93
526	693	1.315	11.985
525.6666667	696	1.323333333	13.21
509	672	1.32	13.88
522	682	1.31	13.33
497	651	1.31	13.94
529	689	1.3	13.3
506	672	1.33	13.15
494.5	662.5	1.34	14.145
519	676	1.3	14.76
505	669	1.32	14.96
500	666	1.33	13.94
512	682	1.33	13.48
514	681	1.34	14.855
518	686	1.33	14.005
486	645.3333333	1.326666667	14.87666667
487.3333333	642	1.316666667	14.95666667
540	692.4444444	1.28	12.66222222
554.2	696.2	1.256	12.668
531.2857143	684.7142857	1.29	11.62
533.1666667	684.8333333	1.285	12.21333333
540.6666667	677	1.253333333	10.09
542.6666667	688.3333333	1.266666667	11.62
527.3333333	661	1.25	13.62666667
522.6666667	662	1.266666667	13.44
534	676.6666667	1.266666667	11.97666667
527.3333333	662	1.253333333	11.11666667
521	676.5	1.3	15.275
520	681	1.31	17.21
485.3333333	647	1.336666667	15.98
532.6666667	678.3333333	1.27	15.85333333
520	642	1.233333333	16.51333333
529.3333333	651.6666667	1.23	17.7
510.7142857	597.4285714	1.304285714	16.68071429
512	601.1428571	1.315	17.30071429
541.3333333	682.6666667	1.263333333	15.75333333
533	675.5	1.265	16.74
479	603.8333333	1.261666667	18.535
462.3333333	596	1.29	19.68166667
485.5	613.5	1.265	19.16666667
496.6	620.4	1.252	18.524
505.3333333	662.3333333	1.313333333	17.23
504.6666667	668	1.323333333	16.59333333
516	659.5	1.28	18.19
510	648.5	1.27	17.775
508	679.5	1.335	17.165
496.5	671.5	1.35	16.915
479.5	617.5	1.285	18.46
480	618	1.285	18.14
520.2	641.4	1.232	15.572
528.8	649.6	1.228	16.582
525.75	663.75	1.2625	14.995
533.25	665.75	1.2475	15.83
505	643.5	1.273333333	18.21
485.3333333	630.3333333	1.298333333	18.48
485.8	607.4	1.25	20.044
470.8	606.2	1.288	19.346
478	607.8	1.272	18.968
488.4	617.2	1.264	18.898
520.4	660.4	1.27	16.454
516.8	661.8	1.282	16.328
513	679.5	1.325	16.75
508.5	683	1.345	17.39
522.5	665.5	1.275	16.665
508.3333333	651.3333333	1.283333333	16.35666667
532.6666667	669	1.256666667	16.96333333
489.6666667	632.6666667	1.29	17.17666667
523.6666667	652.6666667	1.246666667	17.02666667
472	657	1.39	16.5
484	661	1.36	15.695
527	719	1.36	17.5
508	691	1.36	17.2
502	683	1.36	15
525	707	1.35	14.67
492	668	1.36	17.75
475	639	1.35	17.65
489	675.5	1.385	16.75
490	666	1.365	16.79
542	727	1.34	14
550	747	1.36	14.1
501	678	1.35	14.305
516	690	1.34	15.5
494	666	1.35	14.67
510	689	1.35	15.5
513	686	1.34	15
529	710	1.34	15
501	693	1.38	15.5
509	710	1.39	15
511	693	1.36	16
520	723	1.39	14.75
459	639	1.39	17.5
467	651	1.39	17.39
531	738	1.39	14.67
551	746	1.35	13.94
504	687	1.36	15.21
486	682	1.4	15.85
490	675	1.375	17.5
487.5	668	1.37	16.75
454	625	1.38	16
463	636	1.38	17.5
528	731	1.38	17.5
510	692	1.36	16.5
505.5	701.5	1.4	17.5
497	684.5	1.405	17
483	658.5	1.365	18.16
480.5	662	1.375	17.275
507	697	1.38	18.1
494	670	1.36	18.5
519	720	1.39	15.22
511	706	1.38	15
481	662	1.37	18
489	660	1.35	17.5
481.3333333	671	1.393333333	16.92
476.6666667	676.3333333	1.42	16.69
477.5	663	1.39	16.575
472	655	1.39	15.7
481.5	672.5	1.4	17.3
478	667	1.4	16.6
484.3333333	673	1.39	17.01
470.3333333	661.3333333	1.406666667	16.23666667
482	672.5	1.395	16.925
476	661.5	1.39	16.9
473.6666667	665	1.4	16.72333333
476	663.6666667	1.393333333	17.82666667
477.75	675.75	1.4125	16.6975
463.6666667	650.3333333	1.403333333	17.58333333
455	642.6666667	1.413333333	18.33333333
472.5	660.5	1.4	16.335
472.5	660	1.395	17.075
482.5	679	1.41	17.135
481	671	1.395	16.85
491	679	1.385	17.62
491	674	1.37	17.01
491	688.5	1.405	15.155
480	675.5	1.405	16.37
493	688.5	1.395	17.19
481	677	1.405	17.135
473	651.5	1.38	16.39
475	667	1.405	16.665
475	666	1.4	17.35
472	660.5	1.4	17.415
467.5	659.5	1.41	16.56
482	660.5	1.37	17.41
480	659	1.375	17.405
480	661.5	1.375	18.395
472	645	1.37	16.5
487	656	1.35	17
504	691	1.37	16
494	678	1.37	17
511	692	1.36	18
491	681	1.39	17.5
495	666	1.34	18.5
499	667	1.34	18
537	734	1.37	14.81
533	729	1.37	15
512	711	1.39	17
505	705	1.4	16.5
458	638	1.39	17.5
466	648	1.39	17.5
489	682	1.39	17
491	679	1.38	17.5
506	703	1.39	16.5
500	689	1.38	14.5
489	677	1.38	15.6
500	671	1.34	15.58
490	660	1.35	16.5
498	674	1.35	16.25
559	773	1.38	14.5
565	784	1.39	14.39
504	687	1.36	17.5
500	680	1.36	17
491	675	1.37	16
515	693	1.35	16.5
496	680	1.37	16.5
517	689	1.33	17
483	668	1.38	16.5
483	654	1.35	17.5
467	632	1.35	17.5
475	646	1.36	16
506	697	1.38	14.93
504	697	1.38	14.72
534	724	1.35	14
514	713	1.39	14
496	681.5	1.375	17.67
505	690.5	1.365	17.695
502	698.5	1.39	16.24
500.5	704.5	1.405	16.72
473.6666667	651.5	1.376666667	17.16666667
471.6666667	648.3333333	1.376666667	14.55
496	685.5	1.38	15.46
502.5	683.5	1.36	15.46
460.5	631.5	1.375	15.74
462	630.5	1.365	17.795
479	671.4	1.404	17.406
478.2	656.4	1.372	17.104
474.6666667	642.6666667	1.353333333	19.12333333
475.3333333	645.6666667	1.36	18.63333333
492.25	675.75	1.3725	15.655
480.25	657.25	1.3675	16.8725
494	670	1.36	15.41
490.5	658.5	1.34	17.95
487	687	1.41	16
498	686	1.38	16
494.3333333	676.3333333	1.373333333	16.08333333
483.6666667	658.6666667	1.356666667	15.58666667
469	645.3333333	1.376666667	18.21333333
470.6666667	648.6666667	1.38	17.84
512	719	1.4	15.78
514	725	1.41	16.69
509.5	707	1.39	16.55
509	712.5	1.4	17.125
490	688	1.4	15
482	674	1.4	15
503.5	707.5	1.405	15.015
496	702.5	1.415	16.54
472	659	1.4	18
486	677	1.39	14.75
490	684.5	1.4	17.025
494.5	682	1.38	18.01
470.5	639.5	1.36	18.54
470	639	1.36	18.325
479	655.5	1.37	17.4
483	656.5	1.355	18.59
477.3333333	659.6666667	1.383333333	18.92333333
476	657.3333333	1.383333333	18.26666667
500	681.5	1.365	17.55
505	690.5	1.37	16.7
520	704	1.355	15.735
522	706.5	1.35	16.37
512	690	1.35	18.5
509	689	1.355	17.68
488	664	1.36	18.7
500	678	1.35	18.36
472.5	648	1.37	16.36666667
467.1666667	641.6666667	1.373333333	16.06333333
484	667	1.38	19.35
480	659	1.37	18.69
519	722	1.39	16.75
537	731	1.36	16.31
524	703	1.34	17.64
522	710	1.36	15.62
518.4	723	1.394	15.684
501	698.6666667	1.393333333	15.81333333
532	699	1.31	15.83
515	701	1.36	16.79
580	816	1.41	13.33
573	803	1.4	13.88
488	693	1.42	18.6
478	668	1.4	18.83
525.5	728.5	1.385	15.315
542.3333333	754.6666667	1.393333333	16.24666667
482	673	1.39	18.34
500	697	1.39	17.44
497	694	1.4	16.66
501	689	1.38	16.28
529	749	1.42	14.2
520	733	1.41	15.61
533.25	750.75	1.405	14.085
537.5	754.75	1.4025	15.895
537	741.2	1.382	15.84
531.6	731.4	1.374	15.346
530.5	730.5	1.375	15.275
531	733	1.38	14.25
532	741.5	1.395	15.17
533.25	743.25	1.395	14.025
521	740	1.425	15.05
517.75	750.5	1.4525	15.1025
515	702	1.36	14.57
508	687	1.35	15.03
479	662	1.38	15.58
487	664	1.36	15.58
468	646	1.38	17.08333333
464.3333333	641.6666667	1.383333333	17.46666667
508	701	1.38	14.28
503	697	1.39	15.67
468	652	1.39	14.92
493	679	1.38	17.39
494	678	1.37	15.36
474	659	1.39	16.98
539	753	1.396666667	14.66
530.6666667	738	1.386666667	15.47666667
476	736	1.55	16.61
476	658	1.38	16.38
465	635.5	1.37	16.775
462	639	1.385	16.33
484	682	1.405	16.31
494	696.3333333	1.41	17.08333333
512.5	703.5	1.375	15.9
519	711	1.37	16.025
504.5	688	1.365	17.05
510.5	694.5	1.365	17.59
487.8	664.6	1.364	16.314
495.6	666.8	1.346	17.026
502.5	685	1.365	17.895
504	693	1.375	16.665
503	681	1.355	16.82
494	671.5	1.36	17.4
490.5	688.5	1.405	16.71
494.5	687	1.39	15.22
486	670	1.38	18.335
493	678.5	1.375	18.63
490	672.5	1.375	16.415
486.5	666.5	1.37	14.89
479	662	1.38	18.27
487	668	1.375	18.11
500.5	700	1.4	16.23
509	713	1.4	14.695
502	695	1.385	17.09
504.5	691.5	1.37	16.51
501.5	699.5	1.395	16.995
515	714.5	1.385	15.365
503	683	1.355	15.14
503	695.5	1.38	16.52
509	702.5	1.385	16.655
507.5	707	1.39	14.405
533	732.6666667	1.375	15.025
532.5	730	1.37	15.40666667
527.5	735	1.395	15.235
525.5	736.5	1.4	14.88
532.5	722	1.355	15.685
532.5	714.5	1.34	14.965
527	729.5	1.385	15.7
520	734.5	1.41	14.125
517.5	703.5	1.36	15.845
519	700	1.35	15.38
489	670.5	1.375	17.205
489.5	680	1.39	15.67
490.5	682	1.395	16.73
492.5	670	1.36	17.115
473.6	657.2	1.388	16.54
472	656	1.39	16.418
475	662	1.395	17.505
475	658.5	1.385	17.65
498	673.5	1.35	17.04
493.5	673.5	1.365	16.645
508	729.5	1.435	14.235
511.5	729	1.425	16.12
483.5	657.5	1.36	17.56
491	670	1.36	16.795
504	715.5	1.42	14.96
523	723	1.38	15.415
510.5	708	1.385	15
487.5	686.5	1.405	15.515
505.8	703.2	1.39	14.154
511.4	683	1.334	15.11
509.5	699.5	1.37	14.86
508.5	704.5	1.385	15.35
517.3333333	699.6666667	1.356666667	14.94333333
507.3333333	682.6666667	1.346666667	15.1
514.5	692	1.35	15.52
517	700	1.355	16.915
495	673.5	1.36	16.985
499	678	1.36	15.585
491	679	1.385	16.825
479	667	1.395	16.5
492	689.5	1.4	16.565
502	698.5	1.395	16.695
482.5	659	1.365	16.385
478.5	656	1.37	17.925
507.5	690	1.36	17.405
490	674	1.375	17.295
521.5	711	1.36	18.185
518	716.5	1.385	18.22
521.5	710	1.365	17.01
519.5	722.5	1.39	15.76
510	704.5	1.38	16.79
498.5	694	1.39	15.69
507	701	1.385	17.87
506	695	1.375	19.1
514.5	707	1.375	16.1
505	703.5	1.395	16.98
517	707	1.37	17.185
516	710.5	1.38	16.59
530.5	733	1.38	16.355
514	735.5	1.43	14.99
539	740.5	1.37	15.33
540	750.5	1.39	15.58
488.5	661.5	1.355	15.785
505	674.5	1.335	15.46
502.5	693	1.375	17.155
509.5	701	1.375	16.735
463	636	1.373333333	19.07666667
466	641.3333333	1.376666667	18.6
483.6666667	656	1.356666667	17.68666667
488	662.3333333	1.356666667	17.45333333
488.5	661.5	1.355	16.315
497	663.5	1.335	16.895
482.5	661.5	1.37	16.055
482	660	1.37	16.685
505	685	1.36	17.81
506	688.5	1.365	15.81
497	686	1.38	17.445
509	695.5	1.365	16.545
484.5	660.5	1.365	17.305
485	660	1.36	16.685
485.5	661.5	1.36	17.855
485	667.5	1.375	18.165
486	670	1.375	18.325
483.5	664	1.37	18.4
484.5	669.5	1.38	16.775
488.5	665.5	1.365	16.995
477	693.5	1.455	16.025
488.5	692	1.415	16.64
486.1666667	684.5	1.408333333	14.58166667
484.75	682.25	1.4075	15.9
508	693.5	1.365	16.38
501	687	1.375	16.77
532	722.5	1.355	15.215
532.5	716	1.345	15.575
499.4	722.2	1.444	14.09
502.6	719.6	1.432	15.964
501.3333333	718	1.433333333	14.42333333
505.6666667	713.6666667	1.41	15.47
496.5	674	1.355	16.175
504	678	1.345	16.17
505	710.5	1.405	14.815
494.5	684	1.38	15.315
504	697	1.38	17.975
503.5	688	1.365	18.045
504.5	719.75	1.43	14.9075
506	716.25	1.415	13.8975
519	735.5	1.415	15.12
514.5	723	1.405	15.125
518	727.6666667	1.406666667	13.72
514.3333333	719.6666667	1.396666667	14.19
517	727.5	1.41	17.76
510	718	1.41	16.42
515	710	1.38	15.34
515	698.5	1.36	15.905
515.5	703.5	1.36	15.395
515	713	1.385	15.545
509.5	695	1.365	16.58
503	690.5	1.375	16.13
499.5	688	1.375	16.725
498	681	1.365	17.245
505.5	696.5	1.38	16.585
508.5	697.5	1.375	15.785
499	685.5	1.375	16.775
500.5	673.5	1.345	15.985
514	706.5	1.375	16.4
528	719.5	1.365	15.74
511.5	704	1.38	16.355
508.5	696.5	1.37	15.33
500	680.5	1.36	16.625
497.5	676.5	1.36	18.05
502.5	679.5	1.35	17.49
505	680.5	1.345	17
507	701.5	1.385	14.79
504	697	1.385	16.345
507	688	1.36	17.835
503	691.5	1.38	16.1
513	704	1.375	15.855
504	707	1.4	16.17
503.5	705	1.4	17.96
493.5	691	1.4	17.395
502.5	698.5	1.395	15.765
505.5	699	1.38	16.04
488	668.5	1.37	17.955
486.5	675	1.385	17.945
549.8	774.2	1.408	14.528
550	769	1.398	14.402
521	723	1.39	15.905
520.5	721.5	1.385	15.825
516	719	1.395	15.47
525	728	1.39	14.335
475.5	663	1.395	18.02
470	652.5	1.39	17.93
486	677.5	1.395	17.64
477	663	1.39	17.64
499	698	1.4	16.72
487	693	1.42	17.2
496.5	679.5	1.37	16.805
494.5	680	1.37	16.82
492.5	680.5	1.385	16.35
496	683.5	1.38	17.425
490	669	1.36	17.225
493	670	1.36	16.925
469.5	649.5	1.385	16.845
458	638.5	1.395	18.655
494.5	673.5	1.365	16.8
496.5	677.5	1.36	18.265
498	686	1.38	16.875
502	685.5	1.365	17.225
492.5	698	1.415	16.85
501	695	1.385	16.84
480	670.5	1.395	17.375
494	681.5	1.38	17.125
492.4	684	1.388	15.782
491.3333333	682	1.386666667	15.95
515.5	713	1.385	17.195
518.5	717	1.385	16.235
468.5	658	1.405	16.89
469	656.5	1.4	16.685
565.4	772.6	1.368	15.168
555.8	766.6	1.378	14.576
568.25	783.25	1.38	13.575
563.5	778	1.3825	13.1675
543.25	767.5	1.4225	15.7375
560.5	771.25	1.3775	14.0025
542.8	744	1.374	15.892
537.4	740.6	1.38	15.038
564.3333333	776.6666667	1.376666667	14.34666667
572.3333333	782.3333333	1.37	14.42
573.4	801.8	1.4	14.066
558.6	787	1.408	12.732
549.5	771.5	1.4	16.0725
544.75	763.5	1.4	15.8975
540	763.5	1.42	14.8575
544.5	773.25	1.42	15.0275
549.3333333	771.6666667	1.403333333	15.12
549.6666667	760.3333333	1.383333333	15.33
547.25	758	1.385	14.4825
534	749.25	1.405	14.5225
546.25	761	1.395	14.6175
540.5	751.25	1.39	15.3025
535.3333333	744	1.39	15.52333333
526	734.3333333	1.396666667	16.10666667
532.5	746.5	1.4025	16.96
538	749.5	1.395	16.305
518.6	710.8	1.37	16.336
508	702.4	1.382	16.29
523	703.5	1.345	16.36
507.5	683	1.35	15.67
502.5	683	1.36	16.635
515	701	1.36	17.405
576	820.3333333	1.423333333	13.96666667
571.6666667	808.3333333	1.413333333	12.75333333
553.75	774.25	1.3975	14.22
553.75	778.5	1.4025	14.075
638.6666667	912	1.43	11.6
647	913.6666667	1.41	10.57
518	692.5	1.34	16.085
515.5	696	1.35	16.19
503.5	692.5	1.375	16.57
499	687	1.375	17.455
510	696.5	1.365	15.2825
510	700.5	1.3725	15.53
520.25	703	1.35	16.1225
509	690	1.355	16.0225
510.75	715.75	1.4	15.8275
510	717.25	1.405	16.4775
534	733.5	1.375	16.945
535	735	1.375	14.975
513.5	703.5	1.37	16.98
519.5	702.5	1.355	17.675
521	708	1.36	16.875
514	697	1.356666667	16.41333333
533.5	727.5	1.365	16.555
515.5	712	1.38	16.5
500	685.5	1.37	16.635
510.5	695	1.36	16.235
503.5	696	1.385	16.42
505	689	1.365	17.26
490.5	683	1.395	17.415
508	692	1.365	16.495
503.5	691.5	1.375	17.47
488.5	676	1.38	18.02
