   8.9341868e-01   8.9244320e-01   8.9109575e-01   8.9164582e-01   8.8079171e-01   8.9211370e-01   8.9233027e-01   8.9898530e-01   8.8546295e-01   8.9278233e-01   8.9632416e-01   8.9550713e-01   8.9655443e-01   8.8874685e-01   8.9105942e-01   8.8557384e-01   8.9772334e-01   9.0199092e-01   8.6991547e-01   9.1037562e-01   8.9071747e-01   8.7020088e-01   8.7063859e-01   8.9662586e-01   8.8101795e-01
   8.2955403e-01   8.2364670e-01   8.2716788e-01   8.2507926e-01   8.1355385e-01   8.1623782e-01   8.2222045e-01   8.2321020e-01   8.2165759e-01   8.2978660e-01   8.2139165e-01   8.3143512e-01   8.1260468e-01   8.2536634e-01   8.5143373e-01   8.1120368e-01   8.3954406e-01   8.3386470e-01   7.9497004e-01   7.9640159e-01   8.1288416e-01   8.3921839e-01   8.1620252e-01   8.3250108e-01   8.1024741e-01
   8.0595247e-01   8.0815499e-01   8.0034576e-01   8.2419158e-01   8.0834389e-01   7.9615169e-01   8.2990077e-01   8.2657660e-01   7.6428679e-01   8.1747860e-01   7.4938900e-01   8.4251022e-01   8.0144978e-01   8.3022522e-01   7.9961182e-01   8.4371459e-01   8.1967405e-01   8.0993593e-01   7.8959248e-01   8.0744961e-01   8.4287137e-01   8.2699920e-01   8.5203516e-01   8.5002604e-01   8.6229756e-01
   8.4520042e-01   8.4725186e-01   8.4588399e-01   8.5347339e-01   8.3372553e-01   8.4904167e-01   8.4335014e-01   7.8621960e-01   8.6230969e-01   8.5459991e-01   8.4385730e-01   8.1243676e-01   8.3017924e-01   8.2727871e-01   8.2383567e-01   8.3708199e-01   8.4140241e-01   7.9397873e-01   8.3517469e-01   8.1583441e-01   7.9315606e-01   8.3128285e-01   8.3967056e-01   8.1126317e-01   8.4374682e-01
   8.3979012e-01   8.3946174e-01   8.4091912e-01   8.3930489e-01   8.4247107e-01   8.2703449e-01   8.2392671e-01   8.4766039e-01   8.7156399e-01   8.3346192e-01   8.4494552e-01   8.5621245e-01   8.3994740e-01   8.4227049e-01   8.2908386e-01   8.5229641e-01   8.5166853e-01   8.6066165e-01   8.5753172e-01   8.5830345e-01   8.6639169e-01   8.7134912e-01   8.5719731e-01   8.4416544e-01   8.4251475e-01
   8.1887610e-01   8.2466836e-01   8.1655208e-01   8.2960890e-01   8.2465843e-01   8.3559522e-01   8.2216315e-01   8.3356756e-01   8.4037625e-01   8.3074305e-01   8.2227139e-01   8.3536027e-01   8.3998112e-01   8.2371627e-01   8.4278594e-01   8.1787210e-01   8.1847922e-01   8.4635510e-01   8.3701620e-01   7.9690342e-01   8.3457520e-01   7.9896683e-01   8.3053448e-01   7.8880192e-01   8.3888199e-01
   8.3386666e-01   8.2992402e-01   8.2631653e-01   8.3254577e-01   8.2254589e-01   8.3991738e-01   8.4410264e-01   8.3897170e-01   8.4185558e-01   8.3797051e-01   8.4460925e-01   8.5734209e-01   8.4239039e-01   8.4212774e-01   8.4708604e-01   8.5257152e-01   8.3465611e-01   8.3384512e-01   8.3374987e-01   8.4428688e-01   8.4529565e-01   8.3243848e-01   8.1884458e-01   8.1466555e-01   8.5116017e-01
   8.6780698e-01   8.6755727e-01   8.6549917e-01   8.6091217e-01   8.6653806e-01   8.6073473e-01   8.6883482e-01   8.6102794e-01   8.5896489e-01   8.5885906e-01   8.5357467e-01   8.6905700e-01   8.5955105e-01   8.5623339e-01   8.3796958e-01   8.4492455e-01   8.3292744e-01   8.7202144e-01   8.5013168e-01   8.5065920e-01   8.6603919e-01   8.6912209e-01   8.6472929e-01   8.7526298e-01   8.5875872e-01
   8.5433852e-01   8.5089212e-01   8.4927484e-01   8.5255490e-01   8.5164157e-01   8.4803055e-01   8.4998521e-01   8.5784578e-01   8.4159949e-01   8.6622600e-01   8.0395034e-01   8.6117659e-01   7.8118525e-01   8.1926775e-01   7.8476874e-01   8.5335252e-01   7.7611524e-01   8.3920071e-01   8.5309454e-01   8.2518434e-01   8.1929360e-01   8.5452281e-01   8.4998982e-01   7.6366044e-01   8.5053749e-01
   8.0035056e-01   7.9735680e-01   7.9877153e-01   7.9031049e-01   8.4285822e-01   7.8487535e-01   7.9730333e-01   7.9813033e-01   7.9942548e-01   7.0881526e-01   7.8609324e-01   7.9229080e-01   7.8071998e-01   7.5187754e-01   7.7414461e-01   7.6502182e-01   7.1079630e-01   7.8229090e-01   8.1928856e-01   8.0674353e-01   7.8522593e-01   7.7219952e-01   7.8207482e-01   7.0413997e-01   7.7260253e-01
   8.4502705e-01   8.4384745e-01   8.2529703e-01   8.3517085e-01   8.3506205e-01   8.4315317e-01   8.4523235e-01   8.1757164e-01   8.5662318e-01   8.5730987e-01   8.6102087e-01   8.6421678e-01   8.6494210e-01   8.5749362e-01   8.7437925e-01   8.5338246e-01   8.6824014e-01   8.5061868e-01   8.7501514e-01   8.3957676e-01   8.5399565e-01   8.6425107e-01   8.6457613e-01   8.6865170e-01   8.7062525e-01
   8.6003731e-01   8.5840338e-01   8.7331942e-01   8.7732720e-01   8.7802663e-01   8.7797229e-01   8.7103727e-01   8.5451151e-01   8.7106882e-01   8.6238574e-01   8.4003355e-01   8.6747152e-01   8.6423140e-01   8.4654372e-01   8.5596540e-01   8.6032268e-01   8.4845383e-01   8.4578531e-01   8.5877139e-01   8.6058524e-01   8.4412906e-01   8.3444932e-01   8.4868638e-01   8.4528649e-01   8.3056446e-01
   8.3831794e-01   8.3771738e-01   8.3660396e-01   8.1614330e-01   8.2482198e-01   8.3623877e-01   8.4708283e-01   8.2417743e-01   8.2858552e-01   8.2056105e-01   8.2683734e-01   8.1353445e-01   8.4386735e-01   8.2345274e-01   7.9039102e-01   8.0115271e-01   7.8747356e-01   7.9841906e-01   7.9459914e-01   8.1179586e-01   8.1801804e-01   8.4694401e-01   8.2477571e-01   8.5013604e-01   8.1066191e-01
   8.4543540e-01   8.4377260e-01   8.5798204e-01   8.4750272e-01   8.5755952e-01   8.5170799e-01   8.5985083e-01   8.5849960e-01   8.4688954e-01   8.3271005e-01   8.4932704e-01   8.3816531e-01   8.1240480e-01   8.3845191e-01   8.0707259e-01   8.5561650e-01   8.6951272e-01   8.2574314e-01   8.4601516e-01   8.6514116e-01   8.3107790e-01   8.0351108e-01   8.5919321e-01   8.7912478e-01   8.4818923e-01
   8.7939216e-01   8.7945714e-01   8.7340832e-01   8.8178707e-01   8.7803069e-01   8.8332811e-01   8.7699645e-01   8.8447352e-01   8.6483231e-01   8.7543559e-01   8.6050365e-01   8.7841048e-01   8.7333915e-01   8.6509017e-01   8.6482058e-01   8.6130827e-01   8.6500486e-01   8.5683268e-01   8.6805070e-01   8.6912667e-01   8.7023857e-01   8.5655015e-01   8.7360123e-01   8.8009794e-01   8.6839832e-01
   8.4377537e-01   8.4090801e-01   8.3181571e-01   8.4688830e-01   8.4659709e-01   8.2569456e-01   8.0685069e-01   8.3593600e-01   8.2850797e-01   8.3770421e-01   8.4028157e-01   8.1409763e-01   8.3519568e-01   8.5341071e-01   8.4577125e-01   8.2415353e-01   8.3863337e-01   8.4573228e-01   8.5228139e-01   8.1135516e-01   8.4733170e-01   8.3979612e-01   8.5233433e-01   8.2642610e-01   8.2589916e-01
   8.5393966e-01   8.4600120e-01   8.0242846e-01   8.4339917e-01   8.4996022e-01   8.4443097e-01   8.1138975e-01   8.5990408e-01   8.1845134e-01   8.1736774e-01   8.1824913e-01   8.3173257e-01   8.2788476e-01   8.2115889e-01   8.1007068e-01   8.5410421e-01   7.8656239e-01   8.2216953e-01   8.1518207e-01   8.1496761e-01   8.3027585e-01   7.7923440e-01   8.4058898e-01   7.8930509e-01   7.8573476e-01
   8.5294644e-01   8.5944462e-01   8.5051059e-01   8.6297823e-01   8.4642295e-01   8.5359725e-01   8.5514983e-01   8.5483325e-01   8.7169761e-01   8.5312740e-01   8.6539195e-01   8.6704500e-01   8.5173866e-01   8.6721067e-01   8.6301231e-01   8.4564340e-01   8.4513163e-01   8.6470834e-01   8.6076209e-01   8.4294608e-01   8.6118883e-01   8.5719555e-01   8.5563025e-01   8.5207157e-01   8.6406075e-01
   8.7470796e-01   8.7509746e-01   8.7538352e-01   8.7750869e-01   8.6879421e-01   8.7668387e-01   8.7535975e-01   8.8370608e-01   8.9097981e-01   8.8787342e-01   8.7896134e-01   8.8704769e-01   8.8202936e-01   8.9333009e-01   8.9417253e-01   8.8716817e-01   8.9392405e-01   8.9482670e-01   8.7758590e-01   8.9110860e-01   8.9504890e-01   8.7284930e-01   8.8371951e-01   8.8170548e-01   8.9644411e-01
   8.4361968e-01   8.4156366e-01   8.2374795e-01   8.2137692e-01   8.2755664e-01   8.2990552e-01   8.1645851e-01   7.8666674e-01   8.0644153e-01   7.9397588e-01   8.2172460e-01   7.6288915e-01   7.8484041e-01   7.8613588e-01   7.5855456e-01   7.9106944e-01   7.2395668e-01   7.8400364e-01   7.6898826e-01   7.8485191e-01   8.1564541e-01   7.7883579e-01   8.2215401e-01   7.9684306e-01   8.2951720e-01
   8.3087358e-01   8.3327515e-01   8.3504126e-01   8.4853354e-01   8.4783170e-01   8.7182816e-01   8.6573846e-01   8.5666753e-01   8.3393113e-01   8.3349058e-01   8.3420173e-01   7.5814414e-01   8.1370880e-01   8.1385617e-01   8.4747591e-01   8.1452131e-01   8.0877044e-01   8.2166629e-01   8.4937128e-01   8.2988775e-01   8.3341305e-01   8.4161059e-01   8.4574859e-01   8.1310665e-01   8.3678092e-01
   8.3332750e-01   8.3432960e-01   8.2723355e-01   8.2527853e-01   8.0828768e-01   8.2441009e-01   8.2925543e-01   8.0702352e-01   8.1601750e-01   8.3186802e-01   7.8654850e-01   8.4680234e-01   8.2172574e-01   8.2580111e-01   7.8377241e-01   8.0072128e-01   8.1581316e-01   8.0582613e-01   8.2370392e-01   8.2923655e-01   7.9096665e-01   7.8297698e-01   8.2399617e-01   8.3371925e-01   8.0872090e-01
   8.1804365e-01   8.2186348e-01   8.2054496e-01   7.8696902e-01   8.1948083e-01   8.1609791e-01   8.1576829e-01   8.1698470e-01   8.1093814e-01   8.1482021e-01   8.2618393e-01   8.0582398e-01   7.9332929e-01   8.3015086e-01   8.2188455e-01   8.3789749e-01   8.1670471e-01   8.0931799e-01   8.3010334e-01   8.1395284e-01   8.1258295e-01   8.1925351e-01   7.9986024e-01   7.8027283e-01   8.3195054e-01
   8.2093880e-01   8.2624058e-01   8.3134880e-01   8.1133006e-01   8.2174068e-01   7.6934981e-01   8.2049332e-01   8.2173355e-01   8.2538435e-01   7.9814697e-01   8.0091344e-01   7.7269140e-01   7.3272960e-01   7.9438609e-01   7.8858245e-01   7.7380038e-01   8.0168126e-01   7.8968740e-01   7.8992179e-01   7.9816165e-01   7.9096186e-01   7.3645478e-01   7.7383930e-01   7.9268367e-01   8.0628373e-01
   8.7378698e-01   8.7752694e-01   8.7339975e-01   8.7086568e-01   8.6983157e-01   8.7521916e-01   8.6161200e-01   8.6722205e-01   8.6246373e-01   8.7355180e-01   8.6011630e-01   8.6975007e-01   8.6743416e-01   8.5803646e-01   8.4880467e-01   8.6983790e-01   8.5752716e-01   8.6544221e-01   8.6649236e-01   8.6352495e-01   8.6117848e-01   8.4220610e-01   8.6214505e-01   8.7254326e-01   8.5292867e-01
   8.2878420e-01   8.2135604e-01   8.1705130e-01   8.1718766e-01   8.1403542e-01   8.1605212e-01   7.9283853e-01   8.0747425e-01   8.1205368e-01   8.1127233e-01   8.0958748e-01   8.1941587e-01   8.2089444e-01   8.1897576e-01   8.0876263e-01   8.0681489e-01   8.0643650e-01   8.1049609e-01   7.9737035e-01   7.9211813e-01   8.1558948e-01   8.0586048e-01   8.0898676e-01   8.0540626e-01   7.9147965e-01
   8.4029654e-01   8.5311903e-01   8.5329888e-01   8.4457525e-01   8.6392110e-01   8.4994364e-01   8.4239023e-01   8.4203401e-01   8.3481367e-01   8.3896680e-01   8.5438272e-01   8.4882390e-01   8.5949653e-01   8.3755823e-01   8.4154539e-01   7.6952678e-01   8.2609817e-01   8.5189419e-01   8.4171759e-01   8.5048348e-01   8.2827734e-01   8.4761918e-01   8.3945641e-01   8.4873427e-01   8.1912939e-01
   8.5375706e-01   8.5462442e-01   8.6004765e-01   8.4649087e-01   8.6394532e-01   8.5576995e-01   8.6968694e-01   8.5584786e-01   8.5694450e-01   8.5205079e-01   8.7157954e-01   8.5052833e-01   8.7173790e-01   8.4510915e-01   8.2710329e-01   8.5781594e-01   8.5704916e-01   8.5041829e-01   8.1933919e-01   8.4957216e-01   8.2430092e-01   8.6471533e-01   8.6407109e-01   8.6238983e-01   8.7000711e-01
   7.6896512e-01   7.5845945e-01   7.4643159e-01   7.4070579e-01   7.6140040e-01   7.5654156e-01   7.6967569e-01   7.6243114e-01   7.4254398e-01   7.5164748e-01   7.4140283e-01   7.3450600e-01   7.5185268e-01   7.6551171e-01   7.3399990e-01   7.3741541e-01   7.3653231e-01   7.6092327e-01   7.4702240e-01   7.5907943e-01   7.5162948e-01   7.4325925e-01   7.4795741e-01   7.3643602e-01   7.4422373e-01
   8.3770083e-01   8.3899297e-01   8.3332134e-01   8.4562375e-01   8.1122857e-01   8.2698806e-01   8.2746987e-01   8.5259535e-01   8.1158911e-01   7.6711788e-01   8.1466257e-01   8.2962427e-01   7.9758777e-01   8.4495291e-01   8.2850743e-01   8.1871964e-01   7.7269046e-01   8.4014146e-01   8.5346188e-01   8.2356565e-01   8.2983057e-01   8.5911351e-01   8.1194180e-01   8.2552732e-01   8.2326337e-01
   8.1015338e-01   8.0600707e-01   8.1438413e-01   8.1841559e-01   8.1393904e-01   8.1100859e-01   8.0916774e-01   8.0368005e-01   7.7372327e-01   7.9898441e-01   7.7907923e-01   8.0852097e-01   7.7911479e-01   7.6423388e-01   7.8060100e-01   8.1139128e-01   7.7661386e-01   7.6846047e-01   7.9039428e-01   7.6794969e-01   7.5009675e-01   7.6269042e-01   7.5383821e-01   7.7048110e-01   8.0048530e-01
   8.5433465e-01   8.5897248e-01   8.6624652e-01   8.6164677e-01   8.5853695e-01   8.5673853e-01   8.3902580e-01   8.5805868e-01   8.5541065e-01   8.6954552e-01   8.8161349e-01   8.5389895e-01   8.8330962e-01   8.5598451e-01   8.8019285e-01   8.7849097e-01   8.5210598e-01   8.8214407e-01   8.4981908e-01   8.8565860e-01   8.6956878e-01   8.5732885e-01   8.7379047e-01   8.7824741e-01   8.8555398e-01
   8.7640693e-01   8.8085743e-01   8.8068417e-01   8.6898561e-01   8.8680582e-01   8.8521825e-01   8.7320107e-01   8.8269182e-01   8.7938501e-01   8.6683004e-01   8.8513000e-01   8.7600851e-01   8.7406465e-01   8.5992634e-01   8.7821949e-01   8.7462161e-01   8.6574539e-01   8.7331451e-01   8.8936698e-01   8.9168328e-01   8.6072338e-01   8.8640516e-01   8.8618390e-01   8.5409835e-01   8.7071585e-01
   8.5480616e-01   8.5617849e-01   8.6240438e-01   8.4297614e-01   8.5595934e-01   8.5020381e-01   8.5568824e-01   8.6015449e-01   8.5741187e-01   8.6774624e-01   8.6162509e-01   8.6044118e-01   8.6789131e-01   8.6263054e-01   8.7326092e-01   8.6486228e-01   8.6521499e-01   8.3986684e-01   8.2911455e-01   8.6152178e-01   8.7314005e-01   8.5471976e-01   8.7393852e-01   8.9126818e-01   8.6580563e-01
   8.2159397e-01   8.2269616e-01   8.1312650e-01   8.1892331e-01   8.2731742e-01   8.2251669e-01   8.0512687e-01   7.9875562e-01   7.9017803e-01   8.0425365e-01   7.6551555e-01   8.0863571e-01   8.1541907e-01   7.9084717e-01   7.8110622e-01   7.9927167e-01   8.2271549e-01   8.1369744e-01   8.1557240e-01   8.3482417e-01   8.1086844e-01   8.3415586e-01   8.1950706e-01   8.2106469e-01   7.9195753e-01
   8.6279098e-01   8.5903550e-01   8.4715808e-01   8.1489741e-01   8.2224704e-01   8.1558864e-01   8.3278652e-01   7.8120819e-01   8.4590204e-01   8.6769327e-01   7.9963254e-01   8.1320129e-01   7.4356322e-01   8.6086175e-01   8.6395162e-01   8.4389028e-01   8.0188741e-01   8.3353046e-01   8.6683892e-01   8.7490413e-01   8.7947993e-01   8.6749571e-01   8.7978838e-01   8.8696620e-01   8.5038411e-01
   8.2852974e-01   8.3707945e-01   8.2226113e-01   8.3325653e-01   8.1746471e-01   8.3769450e-01   8.4766666e-01   8.4331442e-01   8.0630564e-01   8.1245569e-01   8.4152331e-01   8.1703173e-01   7.9875805e-01   8.2465267e-01   8.2064565e-01   8.3244806e-01   8.2329459e-01   7.7635692e-01   8.4530689e-01   8.2096178e-01   8.4524283e-01   8.2952019e-01   8.3292606e-01   8.3659198e-01   8.3120501e-01
   8.5495072e-01   8.5123164e-01   8.4830811e-01   8.5550257e-01   8.6403894e-01   8.6317651e-01   8.6623607e-01   8.6149920e-01   8.3717265e-01   8.4150465e-01   8.3035708e-01   8.5763120e-01   8.4801328e-01   8.3472373e-01   8.3439327e-01   8.6015561e-01   8.4391741e-01   8.4032917e-01   8.5965739e-01   8.5092521e-01   8.2485847e-01   8.5207342e-01   8.4066569e-01   8.6158155e-01   8.3638952e-01
   8.7254796e-01   8.6863325e-01   8.5791549e-01   8.5899879e-01   8.8219038e-01   8.4973547e-01   8.5196873e-01   8.6028102e-01   8.7670755e-01   8.6902245e-01   8.8011472e-01   8.7792058e-01   8.7322442e-01   8.7103158e-01   8.8375861e-01   8.5467574e-01   8.7820046e-01   8.6763972e-01   8.7265493e-01   8.8687781e-01   8.7364195e-01   8.2050937e-01   8.6724504e-01   8.8038755e-01   8.6807621e-01
   8.0099109e-01   8.0137579e-01   8.0256802e-01   8.0300652e-01   8.0484036e-01   8.0343330e-01   8.0015260e-01   8.0530131e-01   8.1598905e-01   7.8960828e-01   8.0841725e-01   8.0393178e-01   7.9742044e-01   8.1614255e-01   8.1802575e-01   7.9597746e-01   7.7545986e-01   8.0089846e-01   7.7382513e-01   8.0168653e-01   8.1933154e-01   8.0746630e-01   8.0344541e-01   8.3367720e-01   7.8827499e-01
   7.8871345e-01   7.9276433e-01   7.6789788e-01   7.8230061e-01   7.7349857e-01   7.5564391e-01   7.7483522e-01   7.7559100e-01   7.7687421e-01   7.6277960e-01   7.7658318e-01   7.3427201e-01   7.6095848e-01   7.2763299e-01   7.9128215e-01   7.5236349e-01   7.9288388e-01   6.8081356e-01   7.4037859e-01   7.2672278e-01   7.5076024e-01   7.5884836e-01   7.4790733e-01   7.2129770e-01   7.8644081e-01
   8.1633383e-01   8.2026288e-01   8.0403069e-01   7.9466443e-01   7.7967181e-01   8.0334788e-01   8.0819546e-01   7.9471968e-01   7.9101448e-01   7.7231831e-01   7.9550683e-01   8.1649924e-01   8.2314552e-01   7.9011768e-01   8.2152363e-01   8.2195917e-01   8.0695474e-01   7.8664853e-01   8.2426576e-01   7.6192890e-01   8.0363674e-01   7.8042279e-01   8.2713475e-01   7.4404362e-01   7.7026531e-01
   7.8794113e-01   7.8173358e-01   7.7855489e-01   7.6157442e-01   7.5911407e-01   7.4886095e-01   7.6611991e-01   7.4078151e-01   7.6405038e-01   7.5661800e-01   7.8057068e-01   7.7738180e-01   8.0288135e-01   7.4072309e-01   7.6203444e-01   7.8537928e-01   7.9015666e-01   7.8120539e-01   7.6383146e-01   7.6277260e-01   7.6687474e-01   7.8120680e-01   7.9543210e-01   7.9055873e-01   7.8727159e-01
   8.1492718e-01   8.2037964e-01   8.2267120e-01   8.3045899e-01   8.4891398e-01   8.0886687e-01   8.5462532e-01   8.4749158e-01   8.3683209e-01   8.3115212e-01   8.3377259e-01   8.4575866e-01   8.3600702e-01   8.4805990e-01   8.5611845e-01   8.2668431e-01   8.3190180e-01   8.4369634e-01   8.3828348e-01   8.3668699e-01   8.0425656e-01   8.3438869e-01   8.3352940e-01   7.9394750e-01   8.2602930e-01
   8.2127170e-01   8.0845256e-01   8.0306374e-01   7.9984049e-01   7.9521180e-01   7.9820113e-01   7.9316763e-01   8.1107468e-01   8.0731665e-01   8.0715316e-01   8.0250847e-01   8.1019130e-01   8.0641489e-01   8.0255595e-01   7.8969168e-01   7.8626316e-01   7.9495421e-01   8.0135203e-01   7.9312006e-01   7.9882935e-01   7.6841246e-01   7.9655781e-01   7.8333215e-01   7.9446061e-01   7.8354184e-01
   8.6427327e-01   8.6467219e-01   8.7315172e-01   8.5575274e-01   8.7632455e-01   8.6288911e-01   8.5432932e-01   8.4044422e-01   8.5423132e-01   8.4644394e-01   8.5488311e-01   8.4836853e-01   8.1371610e-01   8.5033683e-01   8.4439631e-01   8.3936759e-01   8.4144311e-01   8.2741338e-01   8.4070843e-01   8.1865983e-01   8.3085984e-01   8.4003103e-01   8.3300540e-01   8.3427533e-01   8.5009742e-01
   8.6270377e-01   8.6243886e-01   8.5323608e-01   8.5452141e-01   8.5912566e-01   8.4222085e-01   8.4919055e-01   8.6056474e-01   8.5497214e-01   8.4478701e-01   8.1360319e-01   8.5073440e-01   8.4157994e-01   8.2876693e-01   8.2455495e-01   8.5700750e-01   8.3160421e-01   8.4198904e-01   8.6256807e-01   8.4516746e-01   8.3383631e-01   8.3773400e-01   8.5495969e-01   8.0666953e-01   8.4776829e-01
   8.5374245e-01   8.5351913e-01   8.4789773e-01   8.6486111e-01   8.6194670e-01   8.6109524e-01   8.6938167e-01   8.5281108e-01   8.6479371e-01   8.7853361e-01   8.6180282e-01   8.6987788e-01   8.6258098e-01   8.6099377e-01   8.7221076e-01   8.7676675e-01   8.8611156e-01   8.7192557e-01   8.7832504e-01   8.4790971e-01   8.6713970e-01   8.5993815e-01   8.7412012e-01   8.8016800e-01   8.9325548e-01
   8.5377436e-01   8.5694129e-01   8.4667496e-01   8.3396493e-01   8.6191736e-01   8.3235979e-01   8.6750438e-01   8.6479570e-01   8.2696606e-01   8.0539019e-01   8.6174851e-01   8.2385232e-01   8.5270358e-01   8.6017678e-01   8.7471582e-01   8.3982701e-01   8.1458879e-01   8.5461129e-01   8.4680342e-01   8.2744992e-01   8.2488474e-01   8.4914092e-01   8.3385612e-01   8.6679602e-01   8.6046074e-01
   8.6320803e-01   8.6373310e-01   8.4498032e-01   8.4631476e-01   8.4427853e-01   8.4683930e-01   8.2926819e-01   8.6246585e-01   8.7118924e-01   8.3884857e-01   8.5181851e-01   8.3123249e-01   8.2656630e-01   8.3664062e-01   8.4227670e-01   8.4502498e-01   8.4676406e-01   8.4275863e-01   8.3574125e-01   8.4591232e-01   8.6521622e-01   8.3174044e-01   8.7252507e-01   8.2232708e-01   8.3103989e-01
   8.8453460e-01   8.8480047e-01   8.6861680e-01   8.6140140e-01   8.7899184e-01   8.7541840e-01   8.8147176e-01   8.6630948e-01   8.6855051e-01   8.3284845e-01   8.6550418e-01   8.1476295e-01   8.7441300e-01   7.5925699e-01   8.1949173e-01   8.2047592e-01   8.6131167e-01   8.6291785e-01   8.2692902e-01   8.6276597e-01   8.2166455e-01   8.2145213e-01   8.2563025e-01   8.7009670e-01   8.7349490e-01
   8.2579380e-01   8.2685731e-01   8.2102311e-01   8.4790649e-01   8.3208933e-01   8.6062010e-01   8.5532083e-01   8.4683114e-01   8.4900608e-01   8.4086411e-01   8.4350613e-01   8.5353121e-01   8.4340425e-01   8.3484178e-01   8.5098009e-01   8.2450257e-01   8.4912672e-01   8.3717775e-01   8.3931790e-01   8.5367714e-01   8.3731154e-01   7.7243258e-01   8.3918140e-01   8.5084677e-01   8.3608643e-01
   8.7664200e-01   8.7827352e-01   8.8108456e-01   8.7489481e-01   8.7392158e-01   8.6576829e-01   8.6512593e-01   8.7166661e-01   8.7313946e-01   8.5766606e-01   8.4880853e-01   8.4327264e-01   8.5886081e-01   8.5426203e-01   8.7964067e-01   8.7898642e-01   8.6973268e-01   8.0881878e-01   8.0421022e-01   8.6266627e-01   8.6343055e-01   8.7634690e-01   8.6083772e-01   8.7863298e-01   8.6336948e-01
   8.5981639e-01   8.5248404e-01   8.3944952e-01   8.3314118e-01   8.5483081e-01   8.4297373e-01   8.4475950e-01   8.7069615e-01   8.5267429e-01   8.2741878e-01   8.5921485e-01   8.1991057e-01   8.3053675e-01   8.5406026e-01   8.4942676e-01   8.4607767e-01   8.4394942e-01   8.3105720e-01   8.4590217e-01   8.4030004e-01   8.3448208e-01   8.4432021e-01   8.3007948e-01   8.4703504e-01   8.3075840e-01
   8.4172094e-01   8.3712307e-01   8.2935776e-01   8.4254380e-01   8.4145333e-01   8.2976574e-01   8.3459637e-01   8.3584500e-01   8.4260251e-01   8.1949294e-01   8.1043818e-01   8.0341051e-01   8.2428115e-01   8.1786092e-01   8.2901121e-01   7.9415012e-01   8.1447256e-01   7.9510809e-01   8.3517564e-01   8.3105055e-01   8.0179282e-01   8.2559798e-01   8.1453709e-01   8.2228825e-01   8.1685819e-01
   8.0043025e-01   8.0488156e-01   8.0556965e-01   8.0022081e-01   8.1305313e-01   8.0492853e-01   8.0504854e-01   8.2239725e-01   8.0486544e-01   8.0756464e-01   7.9494907e-01   8.1215294e-01   8.2683080e-01   7.9433839e-01   7.7306472e-01   8.0540226e-01   8.0040869e-01   7.8511268e-01   8.1123045e-01   7.7421342e-01   8.2193561e-01   8.1784948e-01   8.0664336e-01   8.1346815e-01   8.2605549e-01
   8.6381550e-01   8.6458671e-01   8.5722484e-01   8.7153835e-01   8.7499691e-01   8.7922840e-01   8.6971886e-01   8.4192052e-01   8.6426167e-01   8.7313916e-01   8.7954024e-01   8.7309310e-01   8.6044705e-01   8.3320772e-01   7.9884884e-01   7.7094028e-01   8.5970623e-01   8.7145040e-01   8.5663068e-01   8.1471389e-01   8.6744538e-01   8.1312872e-01   8.4060895e-01   8.5824281e-01   8.7739628e-01
   8.3987937e-01   8.3569071e-01   8.3720120e-01   8.3716567e-01   8.5540686e-01   8.4213467e-01   8.4954778e-01   8.4030319e-01   8.3012084e-01   8.2952519e-01   8.5202856e-01   8.3219517e-01   8.4007522e-01   8.6353538e-01   8.1015526e-01   8.6484856e-01   8.6441035e-01   8.6002121e-01   8.3265550e-01   8.5269492e-01   8.6938412e-01   8.3639958e-01   8.3574815e-01   8.6367299e-01   8.5944952e-01
   8.4086045e-01   8.4358982e-01   8.4180962e-01   8.4832315e-01   8.3654319e-01   8.3366614e-01   8.2328817e-01   8.2656933e-01   8.4960446e-01   8.2501182e-01   8.2139835e-01   8.3049400e-01   8.5225464e-01   7.9719302e-01   8.2718791e-01   8.0430260e-01   8.5533414e-01   8.4165764e-01   8.2529761e-01   8.2014852e-01   7.7800126e-01   8.2323538e-01   8.3069142e-01   8.4486898e-01   8.2491752e-01
   8.4213894e-01   8.4346989e-01   8.1123446e-01   8.2959465e-01   8.0295070e-01   8.0298372e-01   8.3144298e-01   8.2474641e-01   8.2655445e-01   8.1393739e-01   8.1217626e-01   8.0959174e-01   8.3820580e-01   8.3590383e-01   7.9368374e-01   8.3779398e-01   8.0625909e-01   8.1782948e-01   8.2295877e-01   8.0889827e-01   8.2378305e-01   8.1911575e-01   7.9867942e-01   7.7420748e-01   8.0505054e-01
   8.7477855e-01   8.7526264e-01   8.7001289e-01   8.7203096e-01   8.7600144e-01   8.8005821e-01   8.7405200e-01   8.7263857e-01   8.7958414e-01   8.7750968e-01   8.6959831e-01   8.6751532e-01   8.7244628e-01   8.6823977e-01   8.5776979e-01   8.6854339e-01   8.8293142e-01   8.7192205e-01   8.6962863e-01   8.6280196e-01   8.7856034e-01   8.7180941e-01   8.6512119e-01   8.4503874e-01   8.7286794e-01
   8.4816963e-01   8.4764273e-01   8.4105908e-01   8.4558015e-01   8.4146774e-01   8.2843410e-01   8.2783961e-01   8.1721322e-01   8.5137337e-01   8.5230730e-01   8.1271084e-01   8.1219656e-01   8.3089379e-01   8.2746987e-01   8.4715842e-01   8.3635256e-01   8.4579804e-01   8.3712522e-01   8.4853915e-01   8.3206562e-01   8.4650587e-01   8.0897008e-01   8.3003044e-01   8.1606422e-01   8.3117761e-01
   8.3726666e-01   8.3401426e-01   8.2912729e-01   8.3255983e-01   8.3353551e-01   8.2459082e-01   8.1939659e-01   8.3480171e-01   8.2763947e-01   8.1684231e-01   8.3820683e-01   8.1976105e-01   8.4270166e-01   8.3295299e-01   8.1994860e-01   8.0819169e-01   8.2974951e-01   8.3943691e-01   8.2806348e-01   8.2406023e-01   8.0384066e-01   8.0477607e-01   8.1506748e-01   8.2380689e-01   8.1363582e-01
   8.3792117e-01   8.3220355e-01   8.5623381e-01   8.2676440e-01   8.5054426e-01   8.4745928e-01   8.2237720e-01   8.2598559e-01   8.5327087e-01   8.3347216e-01   8.0948918e-01   8.3089645e-01   7.4407461e-01   8.0591302e-01   7.6754583e-01   8.3173658e-01   8.0837120e-01   7.9666861e-01   7.9457723e-01   7.5281848e-01   7.8250591e-01   8.2706142e-01   8.4867305e-01   7.5242114e-01   7.3597659e-01
   8.8126234e-01   8.8643081e-01   8.8728036e-01   8.8558209e-01   8.6181349e-01   9.0012230e-01   8.3931616e-01   8.9457397e-01   8.6096487e-01   8.6300778e-01   8.8970507e-01   8.4056933e-01   8.8989911e-01   8.6833157e-01   8.1260964e-01   8.4850338e-01   8.2155524e-01   8.6078803e-01   8.5895133e-01   8.5890330e-01   8.5802933e-01   8.4843678e-01   8.6075749e-01   8.5262500e-01   8.5365572e-01
   8.2956239e-01   8.2883119e-01   8.1900981e-01   8.2035452e-01   8.3271621e-01   8.3046585e-01   8.3214100e-01   8.3658740e-01   8.3797611e-01   8.3591048e-01   8.2342910e-01   8.3868702e-01   8.1680811e-01   8.2200241e-01   8.3879766e-01   8.3718159e-01   8.3747788e-01   8.3777409e-01   8.3473921e-01   8.1906297e-01   8.3001958e-01   8.2944594e-01   8.2926262e-01   8.2015071e-01   8.1658738e-01
   8.3391222e-01   8.3016487e-01   8.1743154e-01   8.3284081e-01   8.2832043e-01   8.1333941e-01   8.4889995e-01   8.4994317e-01   8.2442387e-01   8.3850442e-01   8.0899323e-01   8.2666428e-01   8.4471327e-01   8.5796732e-01   8.4115399e-01   8.4955832e-01   8.6758074e-01   8.5072966e-01   8.5908384e-01   8.4089505e-01   8.2605085e-01   8.3928417e-01   8.4522969e-01   8.3837936e-01   8.5826494e-01
   8.4940942e-01   8.5181650e-01   8.6004847e-01   8.4380784e-01   8.5882168e-01   8.4541535e-01   8.7656788e-01   8.5645851e-01   8.5266603e-01   8.6035786e-01   8.4348816e-01   8.4054166e-01   8.7057770e-01   8.6148733e-01   8.7318381e-01   8.6217110e-01   8.7542286e-01   8.4938592e-01   8.5205895e-01   8.7543242e-01   8.4750844e-01   8.5329770e-01   8.5310827e-01   8.5767696e-01   8.5014251e-01
   8.4192725e-01   8.4413951e-01   8.4304611e-01   8.3492503e-01   8.3675153e-01   8.4305779e-01   8.4038627e-01   8.5071184e-01   8.4924299e-01   8.5755019e-01   8.3916880e-01   8.4729515e-01   8.4244262e-01   8.5634167e-01   8.4487911e-01   8.6955124e-01   8.6436006e-01   8.4015444e-01   8.4485433e-01   8.5241849e-01   8.5150607e-01   8.3546518e-01   8.4550703e-01   8.4899417e-01   8.3260769e-01
   8.6815033e-01   8.7345787e-01   8.5877349e-01   8.6793848e-01   8.6641475e-01   8.6245885e-01   8.4624921e-01   8.6515026e-01   8.5847371e-01   8.7681926e-01   8.6968170e-01   8.6683713e-01   8.7117297e-01   8.5289155e-01   8.4435803e-01   8.4833324e-01   8.6363177e-01   8.8019499e-01   8.6838938e-01   8.5541624e-01   8.6576154e-01   8.7014889e-01   8.5914084e-01   8.5143514e-01   8.4581018e-01
   8.0382450e-01   8.0085407e-01   7.9823566e-01   7.9596826e-01   8.2849079e-01   8.3470638e-01   8.1507010e-01   8.2321579e-01   7.9801298e-01   8.1004699e-01   8.1161390e-01   8.2163888e-01   8.2092772e-01   8.2639019e-01   8.1029243e-01   8.1872840e-01   8.0924078e-01   8.3784122e-01   8.0937193e-01   7.8450166e-01   8.0424665e-01   8.2324533e-01   8.3097156e-01   8.0881021e-01   8.1729945e-01
   8.3367967e-01   8.3418593e-01   8.2292362e-01   8.3601666e-01   8.2762287e-01   8.2128431e-01   8.2790876e-01   8.2570978e-01   8.2176668e-01   8.3749228e-01   8.3207926e-01   8.2913452e-01   8.0458586e-01   8.3133609e-01   8.4057164e-01   8.2545303e-01   8.3195684e-01   8.2894633e-01   8.1254145e-01   8.0599038e-01   8.2300575e-01   7.9363764e-01   8.2400843e-01   8.2201916e-01   8.2573617e-01
   8.3662567e-01   8.3368694e-01   8.3133257e-01   8.1881458e-01   8.1630782e-01   7.8873533e-01   8.2694431e-01   7.9575522e-01   8.1774057e-01   8.2963961e-01   8.1061998e-01   8.3844280e-01   7.9269755e-01   8.3542837e-01   8.0589943e-01   7.9838699e-01   8.3183742e-01   8.5111228e-01   8.2013896e-01   8.2636920e-01   8.2907562e-01   7.9958738e-01   8.2280278e-01   8.1807573e-01   8.4419019e-01
   8.4275440e-01   8.4534629e-01   8.3467681e-01   8.3558516e-01   8.3165863e-01   8.3643146e-01   8.3210267e-01   8.3387770e-01   8.2426237e-01   8.2565413e-01   8.2042410e-01   8.2117758e-01   8.1381344e-01   8.1858092e-01   8.1511493e-01   8.2698185e-01   8.2308185e-01   8.2221523e-01   8.1812098e-01   8.2877280e-01   8.1781341e-01   8.2198046e-01   8.1728191e-01   8.1748943e-01   8.2305599e-01
   8.1358896e-01   8.1252754e-01   8.1576709e-01   8.1516791e-01   8.1327563e-01   7.9424198e-01   8.1987032e-01   8.1222642e-01   8.0504827e-01   8.0891072e-01   8.1957433e-01   8.2022574e-01   7.9506553e-01   8.2924260e-01   8.4195244e-01   8.5324015e-01   8.1148260e-01   8.2852989e-01   8.2387238e-01   8.3633173e-01   8.2325734e-01   8.2194612e-01   8.2798440e-01   8.0053146e-01   7.8564739e-01
   8.0260365e-01   8.0747682e-01   8.0004420e-01   7.9936374e-01   8.1846006e-01   7.9988096e-01   8.0802472e-01   8.0242860e-01   7.9393105e-01   8.0100089e-01   8.0980798e-01   8.0937708e-01   8.3598336e-01   8.2315303e-01   8.1518858e-01   8.1014727e-01   7.7024230e-01   7.6038048e-01   7.5628540e-01   7.7431052e-01   7.0955790e-01   8.0763004e-01   8.0668103e-01   7.9654485e-01   7.5699111e-01
   8.3626280e-01   8.3296269e-01   8.3076746e-01   8.4736627e-01   8.3972448e-01   8.2690085e-01   8.4690890e-01   8.3650363e-01   8.5454122e-01   8.4113559e-01   8.5884865e-01   8.6699625e-01   8.4672865e-01   8.2700271e-01   8.5085447e-01   8.2847793e-01   8.4368040e-01   8.4474675e-01   8.5700710e-01   8.3986884e-01   8.5861996e-01   8.4919827e-01   8.5312026e-01   8.6190775e-01   8.5738991e-01
   8.2517081e-01   8.2611310e-01   8.1754787e-01   8.0491818e-01   8.0597336e-01   8.2658250e-01   8.3960397e-01   8.3359365e-01   8.2277987e-01   8.2022655e-01   8.3720678e-01   8.1612216e-01   8.3289541e-01   8.4728614e-01   8.4028170e-01   8.3525393e-01   8.1626467e-01   7.8972833e-01   8.3290132e-01   8.2235537e-01   8.3175146e-01   8.0991274e-01   8.1737512e-01   8.3100134e-01   8.1310054e-01
   8.1826709e-01   8.1119823e-01   8.0631094e-01   8.0498335e-01   7.9692912e-01   7.3104216e-01   7.8599186e-01   8.0748822e-01   8.0532462e-01   8.0454280e-01   8.1279908e-01   7.8108624e-01   8.0581806e-01   7.8199281e-01   8.0881130e-01   8.1337987e-01   8.0280173e-01   8.0001981e-01   8.2285130e-01   8.0126057e-01   8.1298016e-01   8.0103880e-01   8.2541439e-01   7.8639068e-01   8.0899480e-01
   8.5958427e-01   8.6297329e-01   8.5637891e-01   8.5822560e-01   8.5910696e-01   8.6809166e-01   8.7549473e-01   8.5262571e-01   8.6978439e-01   8.6558369e-01   8.3783634e-01   8.5502018e-01   8.5732194e-01   8.7075213e-01   8.5434002e-01   8.4849799e-01   8.5909791e-01   8.5305582e-01   8.5190565e-01   8.4876374e-01   8.4949651e-01   8.3050586e-01   8.6147437e-01   8.5846123e-01   8.4252097e-01
   8.2424315e-01   8.2458725e-01   8.3473153e-01   8.2784140e-01   8.2706632e-01   8.3199865e-01   8.2817242e-01   8.1302050e-01   8.2388664e-01   8.2626213e-01   8.0810423e-01   8.3671355e-01   8.3751224e-01   8.3129094e-01   8.2815913e-01   8.2336579e-01   8.2434877e-01   8.3082574e-01   8.2857068e-01   7.8987896e-01   8.2346741e-01   8.2894596e-01   8.3257408e-01   8.3292911e-01   8.1234146e-01
   7.1507494e-01   7.1623655e-01   7.1409548e-01   7.1261323e-01   7.0864471e-01   6.9874555e-01   7.3113447e-01   7.3276674e-01   7.2361829e-01   7.0716565e-01   7.2029300e-01   6.9127859e-01   7.3025488e-01   7.0747449e-01   7.0718826e-01   7.0457638e-01   7.0029660e-01   7.3544744e-01   7.1866099e-01   7.4177777e-01   7.4648135e-01   7.5276265e-01   7.3821485e-01   7.4714645e-01   7.4437270e-01
   8.2416119e-01   8.2465791e-01   8.1894132e-01   8.4684347e-01   8.3356410e-01   8.5179864e-01   8.4433273e-01   8.5558815e-01   8.1745640e-01   8.3564154e-01   8.5037080e-01   8.4452183e-01   8.3612594e-01   8.3044601e-01   8.2054548e-01   8.1292605e-01   8.6574777e-01   8.2692054e-01   8.0672714e-01   8.1622054e-01   8.2098713e-01   8.4739207e-01   8.2926060e-01   8.1933941e-01   8.2400974e-01
   8.3134492e-01   8.3217928e-01   8.4421505e-01   8.2816736e-01   8.5962625e-01   8.4308112e-01   8.4813419e-01   8.3661967e-01   8.2379514e-01   8.3106292e-01   7.9323083e-01   8.3473890e-01   8.1546866e-01   8.2241362e-01   7.1788783e-01   7.6122534e-01   7.5539860e-01   8.0193678e-01   8.1188358e-01   7.3205806e-01   8.3481581e-01   8.1011079e-01   8.3710216e-01   8.1551639e-01   8.2899706e-01
   8.2395149e-01   8.2304969e-01   8.2898807e-01   8.2466399e-01   8.1442219e-01   8.2482432e-01   8.2189138e-01   8.1399327e-01   8.2254984e-01   8.2978393e-01   8.2058009e-01   8.3188992e-01   8.3553764e-01   8.4650018e-01   8.3155267e-01   8.3690173e-01   7.9958749e-01   8.5019077e-01   8.3834831e-01   8.5178967e-01   8.0534251e-01   8.0766421e-01   8.3941562e-01   8.5529510e-01   8.2238739e-01
   8.4943443e-01   8.5109144e-01   8.4373659e-01   8.4309926e-01   8.4935833e-01   8.5396750e-01   8.4394632e-01   7.8783852e-01   8.5457220e-01   8.4298045e-01   7.5614892e-01   8.1970748e-01   8.3838225e-01   8.2530112e-01   8.0271783e-01   8.0603038e-01   7.9583995e-01   8.1266073e-01   8.5747957e-01   8.3570990e-01   8.1784415e-01   8.0939104e-01   8.0334034e-01   8.5462148e-01   8.5198738e-01
   8.5986895e-01   8.5730591e-01   8.5344429e-01   8.5182936e-01   8.4978231e-01   8.4429801e-01   8.4203612e-01   8.4550111e-01   8.7494070e-01   8.4648912e-01   8.4970985e-01   8.4570678e-01   8.5549687e-01   8.5087564e-01   8.4928441e-01   8.0632418e-01   8.0714104e-01   8.2185175e-01   8.3042178e-01   8.6009012e-01   8.5231310e-01   8.1924842e-01   8.4615215e-01   8.4412959e-01   8.3742856e-01
   8.1653976e-01   8.1654318e-01   8.1904313e-01   8.3421678e-01   7.8035074e-01   8.3095607e-01   8.2294410e-01   8.0325764e-01   8.2154973e-01   8.2154302e-01   8.2925822e-01   7.9235882e-01   7.4614590e-01   8.2140034e-01   8.2385180e-01   8.3576067e-01   8.2689886e-01   8.4894275e-01   8.0209181e-01   8.0202961e-01   8.2240266e-01   8.2268379e-01   8.5504704e-01   8.3829335e-01   8.3802306e-01
   8.2403935e-01   8.2424957e-01   8.2668058e-01   8.2121094e-01   8.1693743e-01   8.2528560e-01   8.2019267e-01   8.3064926e-01   8.2480203e-01   8.2353323e-01   8.1482248e-01   8.2267995e-01   8.2232376e-01   8.1521048e-01   8.1743486e-01   7.9600398e-01   8.0162518e-01   8.2202251e-01   7.8308679e-01   8.2614902e-01   8.0645783e-01   8.0913717e-01   8.0564897e-01   8.1756086e-01   8.1603658e-01
   8.6249201e-01   8.6164452e-01   8.6467811e-01   8.6384951e-01   8.5495696e-01   8.6516449e-01   8.5600501e-01   8.5855613e-01   8.4823615e-01   8.6335206e-01   8.6003568e-01   8.3850445e-01   8.4776764e-01   8.4636934e-01   8.3843826e-01   8.5851980e-01   8.7013607e-01   8.5027359e-01   8.3296391e-01   8.5526369e-01   8.5568305e-01   8.3300335e-01   8.6821840e-01   8.2579938e-01   8.1886137e-01
   8.2610364e-01   8.2651305e-01   8.2251912e-01   8.2610076e-01   8.3290914e-01   8.2051635e-01   8.0999091e-01   8.2337583e-01   7.9506378e-01   8.1829795e-01   8.1265330e-01   8.3163681e-01   8.1148981e-01   8.0689408e-01   8.3316689e-01   8.2328686e-01   8.2174823e-01   8.2202833e-01   8.3046731e-01   8.2982535e-01   7.9905893e-01   8.2038792e-01   8.3519726e-01   8.0866939e-01   8.1640542e-01
   8.8110115e-01   8.7987955e-01   8.7933059e-01   8.6900441e-01   8.6534887e-01   8.6433770e-01   8.6967501e-01   8.8074166e-01   8.7084966e-01   8.6929908e-01   8.7044527e-01   8.7543419e-01   8.5079202e-01   8.7189831e-01   8.5871779e-01   8.4499263e-01   8.5646620e-01   8.7129921e-01   8.5950358e-01   8.6145757e-01   8.4865592e-01   8.4649801e-01   8.4636617e-01   8.6791050e-01   8.3966075e-01
   8.4926674e-01   8.4962690e-01   8.5299043e-01   8.0267578e-01   8.1438798e-01   8.4058076e-01   8.5189852e-01   8.3638462e-01   8.3146763e-01   8.4887115e-01   8.2324601e-01   8.3012274e-01   8.1985405e-01   8.4496742e-01   7.8017026e-01   8.2315783e-01   8.4425055e-01   8.1891529e-01   8.1427404e-01   8.3168709e-01   8.6128057e-01   8.1522227e-01   8.2832863e-01   8.3713244e-01   8.4708962e-01
   8.4132587e-01   8.4024253e-01   8.3976857e-01   8.3422983e-01   8.2472031e-01   8.4058915e-01   8.3434688e-01   8.2228449e-01   8.3790435e-01   8.4725875e-01   8.3124366e-01   8.4238978e-01   8.1886421e-01   8.1990093e-01   8.1983934e-01   7.7786044e-01   8.0821303e-01   8.6155358e-01   8.4491733e-01   8.3405071e-01   7.7768506e-01   8.4033821e-01   8.5930094e-01   7.8433701e-01   8.3310424e-01
   8.8249754e-01   8.8139520e-01   8.7422727e-01   8.7187940e-01   8.7646609e-01   8.8845702e-01   8.9678093e-01   8.8474855e-01   8.9571853e-01   8.9044331e-01   8.7292555e-01   8.9041271e-01   8.6954987e-01   8.7251771e-01   8.8630326e-01   8.7988833e-01   8.9049510e-01   8.8389339e-01   8.7785869e-01   8.7975142e-01   8.7929726e-01   8.6992440e-01   8.8076771e-01   8.7852572e-01   8.7558294e-01
   8.6264429e-01   8.6161884e-01   8.6339560e-01   8.6342724e-01   8.4739742e-01   8.5967404e-01   8.6372299e-01   8.6237483e-01   8.6208120e-01   8.6206473e-01   8.6108622e-01   8.7312731e-01   8.4884775e-01   8.4565304e-01   8.8666701e-01   8.6669648e-01   8.4771885e-01   8.6213710e-01   8.6435527e-01   8.4793245e-01   8.8135597e-01   8.5837920e-01   8.7785806e-01   8.7738695e-01   8.5008945e-01
   8.5114505e-01   8.5243913e-01   8.5338820e-01   8.5085269e-01   8.6037590e-01   8.6206004e-01   8.4134597e-01   8.5978776e-01   8.3975412e-01   8.6125110e-01   8.5153890e-01   8.4451075e-01   8.4867829e-01   8.4281673e-01   8.3765555e-01   8.4282780e-01   8.5197774e-01   8.5037451e-01   8.4077915e-01   8.5503522e-01   8.3173734e-01   8.4301328e-01   8.3758949e-01   8.4575423e-01   8.3092933e-01
   8.3436629e-01   8.3489128e-01   8.3792224e-01   8.3192428e-01   8.2688190e-01   8.3540442e-01   8.0354452e-01   8.1301748e-01   8.1496703e-01   8.5535029e-01   8.1373766e-01   8.3413500e-01   8.0072909e-01   8.2457897e-01   7.9963057e-01   8.4150048e-01   8.2805466e-01   8.1724159e-01   8.3848272e-01   8.2196598e-01   8.0130347e-01   8.0893247e-01   8.0684548e-01   8.2551155e-01   7.9520297e-01
   8.3964762e-01   8.3514967e-01   8.3920283e-01   8.1809142e-01   8.1713346e-01   8.3625557e-01   8.4382952e-01   8.4075177e-01   8.5089304e-01   8.3934241e-01   8.5664311e-01   8.6091627e-01   8.5662025e-01   8.5868275e-01   8.4855018e-01   8.5222877e-01   8.3304168e-01   8.4868667e-01   8.2900862e-01   8.2717482e-01   8.3401191e-01   8.3060181e-01   8.6898683e-01   8.5278443e-01   8.4847581e-01
   7.7242780e-01   7.8062406e-01   7.7493741e-01   7.8668771e-01   7.8845549e-01   7.9050191e-01   8.0080179e-01   7.6830661e-01   7.6978269e-01   8.0230961e-01   7.8075047e-01   7.9615703e-01   8.1186182e-01   7.8313421e-01   7.9409003e-01   7.5259379e-01   8.0546508e-01   7.7579514e-01   7.6253393e-01   7.5075633e-01   7.5601973e-01   7.8830573e-01   7.8679112e-01   7.8818829e-01   7.5165222e-01
