   7.8943200e-02   4.4497200e-02   3.9820600e-02   2.5040400e-02   2.5029700e-02   2.0794100e-02   2.0842800e-02   1.5987200e-02   1.9888800e-02   1.6021600e-02   1.5151400e-02   1.4316400e-02   1.3752300e-02   1.5148400e-02   1.4754400e-02   1.5190500e-02   1.3497400e-02   1.4084400e-02   1.4557500e-02   1.3998600e-02   1.4170100e-02   1.5753800e-02   1.4362200e-02   1.4156000e-02   1.4961600e-02
   7.9446000e-02   4.4277700e-02   2.9763800e-02   2.4494900e-02   2.3053700e-02   1.9734100e-02   2.0448600e-02   1.6307200e-02   1.5811700e-02   2.0387400e-02   1.4975400e-02   1.5088400e-02   1.4059000e-02   1.4253400e-02   1.2721700e-02   1.3130500e-02   1.3306900e-02   1.2972700e-02   1.4488600e-02   1.3684800e-02   1.4506200e-02   1.5447000e-02   1.5434300e-02   1.4704600e-02   1.5060800e-02
   8.0538100e-02   4.4255400e-02   3.7471000e-02   2.6417400e-02   2.2943500e-02   1.8911100e-02   1.5868700e-02   2.1996000e-02   1.5011700e-02   1.4569500e-02   1.4447700e-02   1.4528700e-02   1.3829700e-02   1.4837100e-02   1.3099900e-02   1.3264800e-02   1.3493200e-02   1.3430200e-02   1.3010700e-02   1.3470900e-02   1.6099200e-02   1.7237500e-02   1.4328600e-02   1.4567300e-02   1.5052800e-02
   7.9079600e-02   4.3681200e-02   2.9955900e-02   2.5532200e-02   2.4941200e-02   1.8149800e-02   2.2469400e-02   1.6244500e-02   1.5900600e-02   1.6089000e-02   1.4135500e-02   1.2681400e-02   1.3280700e-02   1.4506400e-02   1.2910000e-02   1.4566700e-02   1.5227900e-02   1.4096100e-02   1.4679200e-02   1.4488500e-02   1.4175200e-02   1.4078400e-02   1.4287500e-02   1.6221100e-02   1.4206600e-02
   7.9177600e-02   4.5984000e-02   3.0445300e-02   2.5071100e-02   2.3406500e-02   2.1747300e-02   1.9128800e-02   2.1667500e-02   1.5571100e-02   1.4411800e-02   1.3527700e-02   1.3710100e-02   1.3899900e-02   1.3302400e-02   1.4463500e-02   1.3361300e-02   1.4539600e-02   1.2916200e-02   1.3302300e-02   1.3435800e-02   1.3712500e-02   1.4239100e-02   1.3794000e-02   1.4635500e-02   1.4428400e-02
   8.0228600e-02   4.4474700e-02   2.9432900e-02   2.6461200e-02   2.3287800e-02   1.8867100e-02   1.5919300e-02   2.0525900e-02   2.1140600e-02   1.5855600e-02   1.8796500e-02   1.3932400e-02   1.4226700e-02   1.3971200e-02   1.2703100e-02   1.3877100e-02   2.6416200e-02   1.4337600e-02   1.4221900e-02   1.3408200e-02   1.4448900e-02   1.3895100e-02   1.4412000e-02   1.5270600e-02   1.5730500e-02
   8.0388300e-02   4.4299300e-02   2.9763600e-02   2.5510700e-02   2.2063900e-02   2.2722300e-02   1.9047100e-02   1.7073200e-02   1.5652300e-02   1.6005900e-02   1.8105400e-02   1.3083800e-02   1.4411000e-02   1.3142000e-02   1.3814600e-02   1.3743800e-02   1.3413900e-02   1.3457600e-02   1.3813000e-02   1.4043500e-02   1.4084800e-02   1.3945000e-02   1.4297200e-02   1.4260900e-02   1.4827000e-02
   8.3788500e-02   4.3687700e-02   2.9757500e-02   2.3500200e-02   2.2365000e-02   2.1586600e-02   1.6890300e-02   1.9668200e-02   1.5099800e-02   1.5544000e-02   1.3642000e-02   1.3641800e-02   1.2859700e-02   1.2510700e-02   1.4151800e-02   1.3680200e-02   1.3011300e-02   1.3198700e-02   1.4308400e-02   1.3716700e-02   1.3583900e-02   1.7121700e-02   1.4242500e-02   1.4703700e-02   1.5037400e-02
   7.9356100e-02   4.7979200e-02   3.1936500e-02   2.5559800e-02   2.2614500e-02   1.8427200e-02   1.7466800e-02   1.4805300e-02   1.7894600e-02   1.4023400e-02   1.4649100e-02   1.4084500e-02   1.3809800e-02   1.4448600e-02   1.4215200e-02   1.4783900e-02   1.3187400e-02   1.3515800e-02   1.3757700e-02   1.3392800e-02   1.3609400e-02   1.4501400e-02   1.4188600e-02   1.4657900e-02   1.4889500e-02
   7.9368700e-02   4.3650800e-02   3.0173100e-02   2.7454500e-02   2.3546900e-02   2.2695100e-02   2.0678900e-02   1.6511300e-02   1.4857800e-02   1.7376400e-02   1.4102200e-02   1.4667000e-02   1.5103600e-02   1.6210200e-02   1.3321400e-02   1.3000200e-02   1.2914900e-02   1.4081500e-02   1.3852000e-02   1.4262500e-02   1.3727100e-02   1.4841600e-02   1.4084100e-02   1.4671300e-02   1.4906000e-02
   7.8572400e-02   4.4506300e-02   4.4754200e-02   2.5874500e-02   2.1543200e-02   2.4162800e-02   2.3472900e-02   1.6603000e-02   1.5483100e-02   1.3473100e-02   1.3608600e-02   1.4436400e-02   1.3972800e-02   1.2865500e-02   1.2971100e-02   1.3237200e-02   1.3757900e-02   1.3058400e-02   1.4159700e-02   1.3403900e-02   1.3231100e-02   1.3853800e-02   1.4074800e-02   1.6256000e-02   1.4026400e-02
   7.8628500e-02   4.3896400e-02   2.9880300e-02   2.4309900e-02   2.2518300e-02   1.9403600e-02   2.0318500e-02   1.8261900e-02   1.5002300e-02   1.4618000e-02   1.3971900e-02   1.3632500e-02   1.3187600e-02   1.3302400e-02   1.2745800e-02   1.3757300e-02   1.3963400e-02   1.3469200e-02   1.4098200e-02   1.4489500e-02   1.4546800e-02   1.4138700e-02   1.4756200e-02   1.4591300e-02   1.6098800e-02
   7.8586100e-02   4.4301500e-02   2.9693800e-02   2.6388900e-02   2.0382500e-02   3.4229300e-02   1.7042600e-02   2.0615300e-02   1.5371000e-02   1.3656600e-02   1.6557300e-02   1.3968000e-02   1.3412600e-02   1.3359700e-02   1.3479800e-02   1.3623100e-02   1.3578200e-02   1.2849700e-02   1.2963200e-02   1.3019500e-02   1.3746200e-02   1.3792900e-02   1.3690500e-02   1.4381900e-02   1.5269700e-02
   8.3189900e-02   4.3945400e-02   3.3263800e-02   2.4603000e-02   2.0398600e-02   1.9338100e-02   1.7610000e-02   1.5690700e-02   1.5627100e-02   1.5119400e-02   1.3727800e-02   1.4541000e-02   1.3157100e-02   1.3482000e-02   1.3401200e-02   1.5662400e-02   1.6763100e-02   1.3439700e-02   1.3632500e-02   1.3050700e-02   1.3979700e-02   1.3635300e-02   1.5108000e-02   1.5311700e-02   1.4932900e-02
   7.9646700e-02   4.3183400e-02   3.8728000e-02   3.6714600e-02   2.2292000e-02   2.1134900e-02   2.0588800e-02   1.6802000e-02   1.7021900e-02   1.5928700e-02   1.3838200e-02   1.3904300e-02   1.3916800e-02   1.4238200e-02   1.4410800e-02   1.4688800e-02   1.3390500e-02   1.2711600e-02   1.3441000e-02   1.4216500e-02   1.4259000e-02   1.4728600e-02   1.5716200e-02   1.5021300e-02   1.4209600e-02
   7.8496000e-02   4.4695500e-02   3.5173300e-02   2.8490200e-02   2.1541600e-02   1.8732900e-02   1.8493900e-02   1.6101400e-02   1.5477000e-02   1.5286100e-02   1.4081900e-02   1.3569800e-02   1.2882400e-02   1.2925500e-02   1.3144400e-02   1.3047900e-02   1.2755800e-02   1.3183600e-02   1.3602600e-02   1.3235900e-02   1.4333000e-02   1.4979400e-02   1.3656700e-02   1.4101300e-02   1.5600900e-02
   7.9923000e-02   4.4825400e-02   2.9621400e-02   2.5361000e-02   2.1980100e-02   1.7303000e-02   1.8577500e-02   1.5148600e-02   1.6475300e-02   1.4294800e-02   1.3900700e-02   1.6719500e-02   1.4126700e-02   1.3525100e-02   1.3134000e-02   1.3711100e-02   1.3689100e-02   1.5000700e-02   1.4323500e-02   1.3381600e-02   1.3473100e-02   1.3927600e-02   1.4382400e-02   1.3931700e-02   1.5356600e-02
   7.9194200e-02   4.8125100e-02   4.0987300e-02   2.5433000e-02   2.0572500e-02   2.1021700e-02   1.6724100e-02   1.8305400e-02   1.4886200e-02   1.4054400e-02   1.6911100e-02   1.4994600e-02   1.4390400e-02   1.2926700e-02   1.3825100e-02   1.3595300e-02   1.3741000e-02   1.3125800e-02   1.5409600e-02   1.4124800e-02   1.3843400e-02   1.6658900e-02   2.9884000e-02   1.4739000e-02   1.4782500e-02
   7.9089700e-02   4.4400100e-02   2.9941400e-02   3.8780400e-02   2.2919200e-02   1.8560800e-02   1.9200000e-02   1.5881600e-02   1.6129700e-02   1.3753300e-02   1.3422400e-02   1.5226100e-02   1.2813600e-02   1.3632900e-02   1.5728900e-02   1.4465500e-02   1.4300300e-02   1.3227400e-02   1.3479500e-02   1.3770800e-02   1.3349000e-02   1.3964000e-02   1.4514700e-02   1.4415100e-02   1.5281300e-02
   7.8323800e-02   4.4567000e-02   2.9783000e-02   2.6874700e-02   2.1736200e-02   1.6946900e-02   1.7245200e-02   1.6694400e-02   1.5291600e-02   1.5993400e-02   1.5043500e-02   1.3712700e-02   1.8491800e-02   1.3758600e-02   1.3458400e-02   1.2919500e-02   1.3267700e-02   1.7104800e-02   1.3316100e-02   1.8276800e-02   1.5082800e-02   1.4435400e-02   1.4105100e-02   1.5713100e-02   1.4564500e-02
   7.9633900e-02   4.4183200e-02   2.9250200e-02   2.5479600e-02   2.0246600e-02   2.2495400e-02   1.5980300e-02   1.7427700e-02   1.5852600e-02   1.5980600e-02   1.5163000e-02   1.3674300e-02   1.4193000e-02   1.4885200e-02   1.3178300e-02   1.3417600e-02   1.3674500e-02   1.3675400e-02   1.3468900e-02   1.4532800e-02   1.3718100e-02   1.3567600e-02   1.4652200e-02   1.4967200e-02   1.4975900e-02
   7.9577700e-02   4.4491300e-02   3.0689600e-02   2.7884300e-02   2.3483300e-02   1.8548900e-02   1.8603900e-02   1.7718400e-02   1.6343700e-02   1.5379800e-02   1.7817000e-02   1.4377700e-02   1.3600600e-02   1.3243800e-02   1.2663000e-02   1.3882600e-02   1.3229000e-02   1.3600400e-02   1.3968100e-02   1.4045700e-02   1.3666800e-02   1.4376700e-02   1.5408700e-02   1.4191600e-02   1.4140600e-02
   8.0132800e-02   4.3672500e-02   3.0061800e-02   2.6814200e-02   2.3700600e-02   2.3973100e-02   1.6337300e-02   2.1282000e-02   1.5425200e-02   1.3763700e-02   1.3834500e-02   1.4308900e-02   1.5681900e-02   1.3795900e-02   1.4256800e-02   1.3101900e-02   1.3792600e-02   1.4035800e-02   1.3318600e-02   1.4064100e-02   1.4093700e-02   1.3179500e-02   1.3848500e-02   1.4386500e-02   1.4171900e-02
   8.2654300e-02   4.4828300e-02   2.9967900e-02   2.8728200e-02   2.4848300e-02   1.8182300e-02   1.7285100e-02   1.6036600e-02   1.5870200e-02   1.5101500e-02   1.4228700e-02   1.3687500e-02   1.2695600e-02   1.5280800e-02   1.4741200e-02   1.3861300e-02   1.4577000e-02   1.4212100e-02   1.5128500e-02   1.4323600e-02   1.3992600e-02   1.4088100e-02   1.3782300e-02   1.5410700e-02   1.4427100e-02
   8.1347000e-02   4.4377700e-02   3.0051100e-02   2.5422300e-02   2.1250600e-02   1.9463800e-02   1.5670600e-02   1.9930000e-02   1.5002900e-02   1.4502500e-02   1.3204100e-02   1.5158600e-02   1.4405000e-02   1.3969200e-02   1.4148800e-02   1.6355100e-02   1.3994100e-02   1.4211500e-02   1.4456600e-02   1.3209600e-02   1.5799200e-02   1.4080800e-02   1.5307300e-02   1.5052900e-02   1.5544400e-02
   8.3050700e-02   4.6253600e-02   4.0851700e-02   2.6724100e-02   2.6024500e-02   2.3156600e-02   1.8962800e-02   2.0738100e-02   1.6876800e-02   1.5735900e-02   1.5741700e-02   1.7663900e-02   1.6139700e-02   1.4148500e-02   2.6222700e-02   2.2792900e-02   2.1901800e-02   1.4504100e-02   1.4602200e-02   1.5348400e-02   1.4825200e-02   1.4956300e-02   1.4810500e-02   1.5624600e-02   1.6158500e-02
   8.7603200e-02   4.3989200e-02   4.0681000e-02   2.4553100e-02   2.0031900e-02   1.7221400e-02   1.6569100e-02   1.8010000e-02   2.0883600e-02   1.4317500e-02   1.4123500e-02   1.3764800e-02   1.3471600e-02   1.3412500e-02   1.2793900e-02   1.3436500e-02   1.2760100e-02   1.3405600e-02   1.4670800e-02   1.3847300e-02   1.3778300e-02   1.3812500e-02   1.4408600e-02   1.6770800e-02   1.5502800e-02
   8.0873500e-02   4.4642100e-02   3.1003800e-02   2.6926200e-02   2.1131900e-02   1.8424900e-02   1.8424900e-02   1.7730400e-02   1.5954500e-02   1.4289300e-02   1.4043800e-02   1.3712900e-02   1.2716600e-02   1.3780800e-02   1.2476000e-02   1.2972100e-02   1.4622600e-02   1.4608500e-02   1.3346900e-02   1.3923400e-02   1.3661500e-02   1.4145300e-02   1.3888700e-02   2.6781900e-02   1.4625600e-02
   7.9867000e-02   4.4550600e-02   3.9631300e-02   2.7725000e-02   2.3407900e-02   2.3461300e-02   1.7183800e-02   1.5880300e-02   1.6498800e-02   1.4940500e-02   1.5395100e-02   1.4435800e-02   1.3736200e-02   1.3380500e-02   1.4065800e-02   1.3795000e-02   1.3713300e-02   1.3452900e-02   1.4670000e-02   1.4161400e-02   1.4749600e-02   1.3427700e-02   1.3851100e-02   1.4033800e-02   1.4923700e-02
   8.1847700e-02   4.3835100e-02   3.3052200e-02   2.5613800e-02   2.3298500e-02   2.1273800e-02   1.9746800e-02   1.7792800e-02   1.6230100e-02   1.6808100e-02   1.5749700e-02   1.3061800e-02   1.3686800e-02   1.2842300e-02   1.3323700e-02   1.3113500e-02   1.3676200e-02   1.3263000e-02   1.3409900e-02   1.3987700e-02   1.3939700e-02   1.3686400e-02   1.3319000e-02   1.4494600e-02   1.5475300e-02
   7.9545200e-02   4.4651300e-02   4.0802100e-02   2.5354800e-02   2.3713500e-02   1.9016800e-02   2.0979700e-02   1.9094400e-02   1.5518100e-02   1.3668100e-02   1.3214600e-02   1.4562600e-02   1.3834000e-02   1.3636000e-02   1.3297700e-02   1.3729300e-02   1.3992900e-02   1.4209300e-02   1.3942900e-02   1.3596700e-02   1.5223400e-02   1.3739300e-02   1.3997600e-02   1.4091800e-02   1.8442700e-02
   7.9011800e-02   4.4383300e-02   3.9399000e-02   3.0449900e-02   2.0341800e-02   1.9682600e-02   2.1873100e-02   1.6061000e-02   1.5969100e-02   1.4346900e-02   1.3885200e-02   1.3565400e-02   1.4904400e-02   1.6989700e-02   1.3479600e-02   1.5573900e-02   1.3116900e-02   1.4535300e-02   1.3940600e-02   1.3581100e-02   1.3544200e-02   1.4332900e-02   1.4868200e-02   1.5183900e-02   1.4668700e-02
   8.4894600e-02   4.4847800e-02   3.9874600e-02   2.3939000e-02   2.5535600e-02   2.1158500e-02   2.0321400e-02   1.6434100e-02   1.5486700e-02   1.4270600e-02   1.4634400e-02   1.3399200e-02   1.3979300e-02   1.4644900e-02   1.3561200e-02   1.3313600e-02   1.3803800e-02   1.3555400e-02   1.3425800e-02   1.3354700e-02   1.3464000e-02   1.3437700e-02   1.4258600e-02   1.4173100e-02   1.4085100e-02
   7.9831100e-02   4.4904900e-02   2.8971000e-02   2.6614800e-02   2.1107600e-02   2.0135500e-02   1.6050200e-02   1.5323400e-02   1.4398500e-02   1.4436600e-02   1.3154600e-02   1.3485100e-02   1.2751100e-02   1.3769500e-02   1.3663000e-02   1.2880400e-02   1.3201700e-02   1.3045900e-02   1.4006600e-02   1.3018000e-02   1.3927600e-02   1.3771300e-02   1.4537000e-02   1.4955900e-02   1.3874100e-02
   7.9679800e-02   4.3531500e-02   3.0941400e-02   2.5962300e-02   2.3157200e-02   2.0582600e-02   1.5927600e-02   1.5678400e-02   1.6068900e-02   1.7163000e-02   1.6063200e-02   1.5632200e-02   1.4603200e-02   1.3132000e-02   1.2862700e-02   1.3060600e-02   1.3880400e-02   1.3583200e-02   1.4786800e-02   1.3430400e-02   1.3744400e-02   1.4350500e-02   1.5249500e-02   1.4312600e-02   1.3993600e-02
   8.0196500e-02   4.4430200e-02   2.9972200e-02   2.5001100e-02   2.5409500e-02   2.2766200e-02   1.6802000e-02   1.6429300e-02   1.6505300e-02   1.4213800e-02   1.3241700e-02   1.3804800e-02   1.3012700e-02   1.3752400e-02   1.2799500e-02   1.3027300e-02   1.3775600e-02   1.3703300e-02   1.4541300e-02   1.3828800e-02   1.3819200e-02   1.4055300e-02   1.5305600e-02   1.4541600e-02   1.4573300e-02
   8.0559300e-02   4.4498600e-02   3.0490800e-02   2.5079700e-02   2.2230800e-02   1.9822900e-02   1.7509400e-02   1.7522700e-02   1.7480000e-02   1.5398900e-02   1.4222800e-02   1.2936300e-02   1.3076700e-02   1.3326100e-02   1.2757200e-02   1.2655400e-02   1.3026900e-02   1.3942300e-02   1.2900600e-02   1.3223500e-02   1.3424300e-02   1.3292200e-02   1.4246200e-02   1.4373700e-02   1.4138200e-02
   8.0012700e-02   4.3427000e-02   4.0632100e-02   2.8488700e-02   2.1238700e-02   1.9522800e-02   2.1083600e-02   1.5800300e-02   1.7122100e-02   1.5413700e-02   1.5940200e-02   1.8334500e-02   1.3107400e-02   1.3253300e-02   1.5465800e-02   1.4853700e-02   1.3934600e-02   1.3517900e-02   1.3801100e-02   1.3154500e-02   1.4717000e-02   1.4206600e-02   1.6854700e-02   1.4297400e-02   1.4374100e-02
   7.9101300e-02   4.5923900e-02   4.0147600e-02   2.4867200e-02   2.2961700e-02   1.9732900e-02   2.0444000e-02   1.7040200e-02   1.4652900e-02   1.5534900e-02   1.3694700e-02   1.4209900e-02   1.3895200e-02   1.3705600e-02   1.4881700e-02   1.4048200e-02   1.3302100e-02   1.3190500e-02   1.3550200e-02   1.3658500e-02   1.3506200e-02   1.3935800e-02   1.4592100e-02   1.4470000e-02   1.5810900e-02
   7.9518600e-02   4.5596900e-02   3.0462100e-02   2.4874300e-02   2.1842800e-02   1.8254600e-02   1.7121300e-02   1.8780500e-02   1.5764100e-02   1.4880700e-02   1.4448100e-02   1.7103000e-02   1.3125600e-02   1.7409400e-02   1.4786400e-02   1.4874000e-02   1.3361300e-02   1.3574200e-02   1.4021400e-02   1.4443600e-02   1.3813700e-02   1.4395000e-02   1.4255400e-02   1.4133700e-02   1.5397700e-02
   8.0516200e-02   4.3562600e-02   3.0151100e-02   2.5499100e-02   2.5693700e-02   2.3297400e-02   2.1865000e-02   1.6547800e-02   1.6166600e-02   1.4871800e-02   1.4388200e-02   1.4928900e-02   1.3653400e-02   1.5332000e-02   1.4034700e-02   1.3794100e-02   1.4158300e-02   1.3469000e-02   1.3543400e-02   1.3426700e-02   1.4177400e-02   1.4192000e-02   1.3887400e-02   1.4422800e-02   1.5052200e-02
   8.0296500e-02   4.4906000e-02   3.0675200e-02   3.0220100e-02   2.4102500e-02   2.0491200e-02   1.8569800e-02   1.6753500e-02   1.6698900e-02   1.5716900e-02   1.4982900e-02   1.4138700e-02   1.5134600e-02   1.5928700e-02   1.3528600e-02   1.4192300e-02   1.4829600e-02   1.4535800e-02   1.4849100e-02   1.5031300e-02   1.3937400e-02   1.4545200e-02   1.4495400e-02   1.4751200e-02   1.4836100e-02
   8.1922400e-02   4.4518600e-02   2.9825400e-02   2.5043200e-02   2.1210800e-02   2.4718300e-02   1.9437100e-02   1.8466800e-02   1.5591500e-02   1.7838300e-02   1.3537200e-02   1.3516100e-02   1.6539000e-02   1.3347600e-02   1.3254600e-02   1.3025400e-02   1.3319100e-02   1.3346200e-02   1.3946900e-02   1.3551800e-02   1.3868400e-02   1.3355400e-02   1.4069100e-02   1.4354800e-02   1.4627700e-02
   7.9341000e-02   4.4513900e-02   3.9603400e-02   2.5536100e-02   1.9979600e-02   2.0083100e-02   1.8506200e-02   1.5733700e-02   1.4509000e-02   1.4144300e-02   1.2947500e-02   1.6043800e-02   1.4081900e-02   1.4071100e-02   1.4534200e-02   1.4488700e-02   1.3645600e-02   1.4257700e-02   1.3980100e-02   1.3514900e-02   1.3180200e-02   1.4333600e-02   1.3896700e-02   1.4363800e-02   1.4011400e-02
   8.0707000e-02   4.4982800e-02   2.9738500e-02   2.5315400e-02   2.2366400e-02   2.2065700e-02   2.0065200e-02   1.6867200e-02   1.6215100e-02   1.5426900e-02   1.4701100e-02   1.4348000e-02   1.3002200e-02   1.3252400e-02   1.4941800e-02   1.4312900e-02   1.4812000e-02   1.3735300e-02   1.3059200e-02   1.3942100e-02   1.3392500e-02   1.3958700e-02   1.3603600e-02   1.4509700e-02   1.5065700e-02
   8.0928300e-02   4.8043500e-02   2.9959600e-02   2.6414300e-02   2.3010700e-02   1.9483900e-02   1.7057200e-02   2.0739300e-02   2.0728300e-02   1.5153500e-02   1.6787000e-02   1.3383700e-02   1.4730800e-02   1.4096100e-02   1.2837500e-02   1.3669300e-02   1.3028100e-02   1.5757500e-02   1.4592700e-02   1.3855100e-02   1.4080000e-02   1.4809000e-02   1.5194800e-02   1.6653800e-02   1.4560200e-02
   8.1815200e-02   4.4374000e-02   3.1494000e-02   2.6681700e-02   2.0819600e-02   2.0019400e-02   2.1579200e-02   1.5528800e-02   1.6868300e-02   1.4973900e-02   1.4397200e-02   1.3514900e-02   1.3891300e-02   1.5141200e-02   1.3791900e-02   1.5033300e-02   1.3419900e-02   1.3351700e-02   1.4491900e-02   1.3564400e-02   1.3757900e-02   1.4553200e-02   1.4266200e-02   1.4643600e-02   1.4198100e-02
   8.0033500e-02   4.4180200e-02   3.9166000e-02   2.7226400e-02   2.1684700e-02   1.7534100e-02   1.9467100e-02   1.6302100e-02   1.5309700e-02   1.4371700e-02   1.4241300e-02   1.4317100e-02   1.3585000e-02   1.3528100e-02   1.3194700e-02   1.2997300e-02   1.3838900e-02   1.3188100e-02   1.3645800e-02   1.9872000e-02   1.4016700e-02   1.4092800e-02   1.4265400e-02   1.4371800e-02   1.4721100e-02
   7.8886800e-02   4.4490700e-02   2.9919900e-02   2.9258400e-02   2.4683500e-02   2.2400200e-02   1.6595100e-02   1.5428800e-02   1.5075500e-02   1.5013800e-02   1.3545100e-02   1.8010000e-02   1.5022700e-02   1.4477600e-02   1.4911600e-02   1.2920300e-02   1.3901300e-02   1.2691100e-02   1.4473300e-02   1.3982200e-02   1.4412100e-02   1.3798900e-02   1.3575800e-02   1.5538400e-02   1.4767700e-02
   7.9496600e-02   4.4363100e-02   3.8146600e-02   2.4645400e-02   2.0584200e-02   2.1519400e-02   1.7397800e-02   1.5388900e-02   1.5792500e-02   1.3853400e-02   1.5563300e-02   1.3145500e-02   1.3667700e-02   1.3784500e-02   1.2598100e-02   1.3596600e-02   1.3625800e-02   1.3397600e-02   1.3302600e-02   1.4084500e-02   1.4126100e-02   1.3404300e-02   1.4899200e-02   1.4583300e-02   1.5372000e-02
   7.9477600e-02   4.3800400e-02   2.9935000e-02   2.5681100e-02   2.2193200e-02   2.2468400e-02   1.8178500e-02   1.5422800e-02   1.4445400e-02   1.4842600e-02   1.3817000e-02   1.4564900e-02   1.3061100e-02   1.4477900e-02   1.4072000e-02   1.3890300e-02   1.3266100e-02   1.2835600e-02   1.2973400e-02   1.5037500e-02   1.3245300e-02   1.3458800e-02   1.3642000e-02   1.3755100e-02   1.4564000e-02
   8.0088200e-02   4.4362000e-02   3.8927000e-02   2.6887100e-02   2.1436800e-02   1.8682300e-02   1.7327700e-02   1.5546700e-02   1.4931100e-02   1.7153800e-02   1.4817200e-02   1.6574800e-02   1.4476600e-02   1.6931300e-02   1.3303800e-02   1.4436200e-02   1.4274900e-02   1.5521500e-02   1.3395400e-02   1.4550700e-02   1.4771000e-02   1.3948200e-02   1.3778200e-02   1.4475700e-02   1.4878600e-02
   7.9160700e-02   4.5005900e-02   2.9845900e-02   2.5908200e-02   2.5833700e-02   1.7753900e-02   1.6662700e-02   1.5790100e-02   1.6309000e-02   1.4090100e-02   1.3877700e-02   1.4022900e-02   1.3771300e-02   1.3014900e-02   1.3178200e-02   1.3013700e-02   1.3105500e-02   1.3833900e-02   1.4087100e-02   1.4441600e-02   1.3970100e-02   1.4473800e-02   1.4349300e-02   1.4090900e-02   1.4018100e-02
   8.0731300e-02   4.3584400e-02   4.0359400e-02   2.4906200e-02   2.3834900e-02   1.9402600e-02   1.6365400e-02   1.5899000e-02   1.5770200e-02   1.5415900e-02   1.4743000e-02   1.3601000e-02   1.2968900e-02   1.5527500e-02   1.3620400e-02   1.6370400e-02   1.3078900e-02   1.3695100e-02   1.4087700e-02   1.4372000e-02   1.6547400e-02   1.3916600e-02   1.3745900e-02   1.4652600e-02   1.4367100e-02
   7.8916600e-02   4.3671200e-02   3.0325400e-02   2.7662400e-02   2.2836400e-02   2.2868600e-02   1.9362900e-02   1.5365400e-02   1.5533900e-02   1.3810700e-02   1.3524700e-02   1.3542200e-02   1.4114100e-02   1.4685300e-02   1.3793000e-02   1.4772700e-02   1.4191100e-02   1.3816700e-02   1.3591600e-02   1.3289600e-02   1.3647500e-02   1.3994900e-02   1.3844900e-02   1.5382500e-02   1.4803500e-02
   7.8772600e-02   4.3733500e-02   3.0071000e-02   2.4029300e-02   2.2966300e-02   1.7497100e-02   1.7838700e-02   1.5985900e-02   2.0675300e-02   1.4135500e-02   1.5431000e-02   1.3212400e-02   1.3428200e-02   1.3053400e-02   1.4235100e-02   1.4173800e-02   1.3929000e-02   1.4028600e-02   1.3623000e-02   1.4120700e-02   1.3697500e-02   1.3519500e-02   1.3716400e-02   1.4354700e-02   1.4359700e-02
   8.5297900e-02   4.3899200e-02   3.3290000e-02   2.6009800e-02   2.3469400e-02   1.9248700e-02   1.6088400e-02   1.6750000e-02   1.5528000e-02   1.5212800e-02   1.4217600e-02   1.4774800e-02   1.2879500e-02   1.4085900e-02   1.3818000e-02   1.3533800e-02   1.3296700e-02   1.3752300e-02   1.3469200e-02   1.3310800e-02   1.4632700e-02   1.3970700e-02   1.4181900e-02   1.4707000e-02   1.5050700e-02
   7.9357900e-02   4.3869200e-02   3.8865500e-02   2.6077000e-02   2.3125300e-02   2.2397200e-02   1.6712600e-02   2.1115000e-02   1.6330700e-02   1.5411100e-02   1.3470300e-02   1.4783900e-02   1.4100300e-02   1.4066300e-02   1.3362400e-02   1.5327900e-02   1.3821500e-02   1.3230400e-02   1.3476300e-02   1.4509300e-02   1.3712500e-02   1.3593200e-02   1.4266100e-02   1.4329000e-02   1.4636000e-02
   7.8507600e-02   4.3436500e-02   2.9883000e-02   2.5353100e-02   2.1586800e-02   2.6439600e-02   1.7878900e-02   2.2929200e-02   1.7475900e-02   1.5559200e-02   1.3364300e-02   1.7999700e-02   1.3952100e-02   1.3116200e-02   1.4418100e-02   1.2728600e-02   1.3126200e-02   1.5487300e-02   2.8222200e-02   1.4093400e-02   1.3965200e-02   1.3529800e-02   1.4654600e-02   1.4602600e-02   1.4337500e-02
   8.4040200e-02   4.4162800e-02   3.0842000e-02   2.6711000e-02   2.3039600e-02   2.3063600e-02   1.6629000e-02   1.6077800e-02   1.4786800e-02   1.7165200e-02   1.4033600e-02   1.5552800e-02   1.5169500e-02   1.3647500e-02   1.3005800e-02   1.3651300e-02   1.3152500e-02   1.3376900e-02   1.3515000e-02   1.4145000e-02   1.4225200e-02   1.4786800e-02   1.4668300e-02   1.5556600e-02   1.4739100e-02
   7.9474400e-02   4.4244200e-02   2.9868500e-02   2.4861400e-02   2.1187800e-02   1.9466700e-02   1.6170700e-02   1.5417500e-02   1.5276500e-02   1.3923200e-02   1.4049500e-02   1.4353800e-02   1.4254000e-02   1.3243300e-02   1.3680000e-02   1.3173500e-02   1.3084400e-02   1.3322900e-02   1.3336500e-02   1.3049800e-02   1.3957400e-02   1.3675500e-02   1.3549200e-02   1.4534900e-02   1.4315200e-02
   8.0051700e-02   4.4681600e-02   3.0067900e-02   2.5335000e-02   2.2151600e-02   1.7222900e-02   1.8698400e-02   1.5853900e-02   1.6491700e-02   1.3490200e-02   1.3988600e-02   1.4696900e-02   1.4894700e-02   1.4603700e-02   1.5761900e-02   1.3266800e-02   1.3026700e-02   1.3177000e-02   1.3397500e-02   1.3257200e-02   1.3540200e-02   1.4031300e-02   1.3949200e-02   1.4312200e-02   1.5613200e-02
   8.5275800e-02   4.4731500e-02   2.9924400e-02   2.4910700e-02   2.1928200e-02   1.8003500e-02   1.9679000e-02   2.1010100e-02   1.6527600e-02   1.7393300e-02   1.3907100e-02   1.3997800e-02   1.3354900e-02   1.3719600e-02   1.3471000e-02   1.3194300e-02   1.3559900e-02   1.3034400e-02   1.3026800e-02   1.4113700e-02   1.3260100e-02   1.3806400e-02   1.4701400e-02   1.4514900e-02   1.5077000e-02
   8.0609700e-02   4.3165200e-02   2.9718600e-02   2.5841400e-02   2.3129500e-02   1.8278300e-02   1.8764800e-02   1.6386800e-02   1.5318300e-02   1.4995600e-02   1.3987800e-02   1.3770400e-02   1.6062800e-02   1.5107400e-02   1.5515900e-02   1.4070900e-02   1.4847100e-02   1.3366400e-02   1.3348900e-02   1.3804400e-02   1.3588200e-02   1.3853600e-02   1.3883400e-02   1.4368800e-02   1.4799300e-02
   7.9604700e-02   4.6193700e-02   2.9601600e-02   3.0427600e-02   2.0864100e-02   2.1830800e-02   1.6978200e-02   1.6512400e-02   1.6292700e-02   1.4290100e-02   1.5757800e-02   1.3836800e-02   1.3694000e-02   1.2643400e-02   1.3317000e-02   1.2805900e-02   1.3211700e-02   1.4191000e-02   1.5401500e-02   1.4342000e-02   1.3737800e-02   1.4097900e-02   1.4255100e-02   1.5481800e-02   1.5046600e-02
   7.9151800e-02   4.5126100e-02   2.9992100e-02   2.5626000e-02   2.3672400e-02   2.2016800e-02   1.9164500e-02   1.6937600e-02   1.4959400e-02   2.1318200e-02   1.3949000e-02   1.3314700e-02   1.3494000e-02   1.3066800e-02   1.4131300e-02   1.2816100e-02   1.4724500e-02   1.4209300e-02   1.2948500e-02   1.3586500e-02   1.3627300e-02   1.3438900e-02   1.4272300e-02   1.3956200e-02   1.4423700e-02
   8.1564900e-02   4.3610600e-02   3.3365200e-02   2.5745600e-02   2.0199600e-02   1.7624800e-02   1.6239500e-02   1.6590400e-02   1.5564100e-02   1.5382800e-02   1.4487000e-02   1.6059900e-02   1.4362000e-02   1.4192800e-02   1.3640100e-02   1.3453700e-02   1.3265200e-02   1.3764000e-02   1.4167600e-02   1.3372100e-02   1.3161600e-02   1.3730700e-02   1.4814200e-02   1.4643600e-02   1.4962400e-02
   7.9891400e-02   4.6474900e-02   2.9479400e-02   3.7410900e-02   2.3542300e-02   1.9851800e-02   1.6996400e-02   1.6488900e-02   1.5317900e-02   1.3785900e-02   1.4280800e-02   1.3326200e-02   1.3983800e-02   1.2911300e-02   1.2685100e-02   1.4441300e-02   1.2823200e-02   1.2830200e-02   1.3922600e-02   1.4002500e-02   1.3670900e-02   1.4976500e-02   1.4660200e-02   1.4140400e-02   1.4835600e-02
   7.9877900e-02   4.4832500e-02   3.0191000e-02   2.4802100e-02   2.3144300e-02   2.0550400e-02   1.7123600e-02   1.6942200e-02   2.6501900e-02   1.5746500e-02   1.3667300e-02   1.3687000e-02   1.2906600e-02   1.3317800e-02   1.3242300e-02   1.3370800e-02   1.2583100e-02   1.3766600e-02   1.3282700e-02   1.3363200e-02   1.4176000e-02   1.3988400e-02   1.3713300e-02   1.4304300e-02   1.4468600e-02
   8.0541200e-02   4.3434200e-02   2.9733300e-02   2.7713900e-02   2.3241500e-02   2.2550000e-02   1.6629600e-02   1.4294400e-02   1.6320100e-02   1.4961900e-02   1.3574900e-02   1.5646700e-02   1.3475000e-02   2.3040600e-02   1.4707800e-02   1.3937100e-02   1.3578600e-02   1.3357900e-02   1.3425000e-02   1.3882500e-02   1.3979300e-02   1.4139600e-02   1.4061200e-02   1.4726400e-02   1.4510600e-02
   7.9529700e-02   4.4774800e-02   3.9316300e-02   2.6029400e-02   2.0955600e-02   1.8551000e-02   1.6674400e-02   1.9891400e-02   1.7094900e-02   1.5071200e-02   1.4504200e-02   1.3445300e-02   1.3492200e-02   1.4404200e-02   1.3395900e-02   1.3856400e-02   1.3111200e-02   1.3024200e-02   1.3449000e-02   1.3459900e-02   1.4413400e-02   1.3847700e-02   1.3957500e-02   1.4220900e-02   1.4629300e-02
   8.1087200e-02   4.4934400e-02   3.0353000e-02   2.9532900e-02   2.3799900e-02   2.1920500e-02   1.6826700e-02   1.5383300e-02   1.4420600e-02   1.5690700e-02   1.4953000e-02   1.4701000e-02   1.4645200e-02   1.2697100e-02   1.5020100e-02   1.3006800e-02   1.6230300e-02   1.5790900e-02   1.4506100e-02   1.4709300e-02   1.3567400e-02   1.3757100e-02   1.3999200e-02   1.4194700e-02   1.4295800e-02
   7.9684500e-02   4.4428400e-02   3.0204600e-02   2.5482300e-02   2.0317700e-02   1.7237900e-02   1.5681200e-02   1.4959500e-02   1.5244300e-02   1.9017100e-02   1.3660400e-02   1.3336700e-02   1.3598200e-02   1.2546100e-02   1.3740400e-02   1.2973800e-02   1.3753600e-02   1.3275200e-02   1.3518900e-02   1.6161800e-02   1.4220500e-02   1.3682900e-02   1.4014800e-02   1.4441400e-02   1.4745700e-02
   7.9585900e-02   4.4162300e-02   2.9643500e-02   2.5398700e-02   2.1997900e-02   2.2194400e-02   1.8331800e-02   1.9211500e-02   1.5539400e-02   1.4295800e-02   1.4562500e-02   1.4252900e-02   1.8793400e-02   1.3508000e-02   1.3345800e-02   1.3874800e-02   1.2813400e-02   1.3294200e-02   1.4699800e-02   1.4318000e-02   1.3598200e-02   1.3674600e-02   1.4631800e-02   1.5030400e-02   1.4936900e-02
   8.1379500e-02   4.3043300e-02   3.0243800e-02   3.3365900e-02   1.9436600e-02   2.1404500e-02   1.9036700e-02   1.7042000e-02   2.2067200e-02   1.4617700e-02   1.4646700e-02   1.5016000e-02   1.6009400e-02   1.3299500e-02   1.3757400e-02   1.5111500e-02   1.5050500e-02   1.4123300e-02   1.3678300e-02   1.3558200e-02   1.3937400e-02   1.4341300e-02   1.5064200e-02   1.5028700e-02   1.5208400e-02
   7.9758800e-02   4.4013700e-02   3.0376100e-02   2.4909800e-02   2.3432300e-02   1.8259800e-02   1.9309800e-02   1.6290200e-02   1.4351400e-02   1.6367700e-02   1.5460500e-02   1.3794400e-02   1.3709400e-02   1.5565600e-02   1.3511600e-02   1.5648100e-02   1.2856700e-02   1.3465700e-02   1.3561700e-02   1.3664000e-02   1.3493400e-02   1.3815000e-02   1.4459500e-02   1.4816200e-02   1.4341900e-02
   8.8666400e-02   4.4299500e-02   3.0647700e-02   2.4516000e-02   2.3448500e-02   1.8484300e-02   1.6983800e-02   1.4567200e-02   1.6922000e-02   1.3807600e-02   1.3955900e-02   1.5094400e-02   1.5348800e-02   1.5056300e-02   1.4009400e-02   1.4310500e-02   1.4990100e-02   1.5110300e-02   1.3653100e-02   1.3457000e-02   1.5056900e-02   1.3688600e-02   1.4436300e-02   1.3653100e-02   1.4387800e-02
   7.9211600e-02   4.3303400e-02   3.8271700e-02   2.6231600e-02   2.1228200e-02   1.9099400e-02   1.8847200e-02   2.1002100e-02   1.7863100e-02   1.4323700e-02   1.6963600e-02   1.5103800e-02   1.3692400e-02   1.3563500e-02   1.3359300e-02   1.2949700e-02   1.3579000e-02   1.3850400e-02   1.4938000e-02   1.4184900e-02   1.4758900e-02   1.4144200e-02   1.4179100e-02   1.3830900e-02   1.4400300e-02
   8.0754600e-02   4.4228000e-02   3.0081100e-02   2.6384600e-02   2.5753500e-02   1.8735200e-02   1.5683500e-02   1.4848200e-02   2.0295500e-02   1.3973200e-02   1.3916500e-02   1.3480300e-02   1.4071600e-02   1.3808300e-02   1.2979600e-02   1.3078100e-02   1.3892400e-02   1.3213000e-02   1.3329800e-02   1.3801700e-02   1.4973000e-02   1.4685400e-02   1.5138700e-02   1.4631100e-02   1.4239300e-02
   7.8560800e-02   4.3874000e-02   3.9114500e-02   2.6242100e-02   2.3174800e-02   2.1719000e-02   1.7475800e-02   1.6730700e-02   1.4811000e-02   1.5062800e-02   1.4939900e-02   1.5498100e-02   1.5473000e-02   1.3636300e-02   1.3124100e-02   1.3182100e-02   1.2825200e-02   1.3257400e-02   1.3935700e-02   1.3754400e-02   1.4175600e-02   1.3938200e-02   1.3997900e-02   1.4920800e-02   1.5126300e-02
   8.0115100e-02   4.3742400e-02   3.0028100e-02   2.5195200e-02   2.2757100e-02   1.9581800e-02   1.7115600e-02   1.7492400e-02   1.7586500e-02   1.5995700e-02   1.3792100e-02   1.3756600e-02   1.4392400e-02   1.3967800e-02   1.4070900e-02   1.4188600e-02   1.2820400e-02   1.4922700e-02   1.3470200e-02   1.3341900e-02   1.4184000e-02   1.6337100e-02   1.5536300e-02   1.4555700e-02   1.4592300e-02
   7.8372000e-02   4.3562000e-02   3.0254600e-02   2.6718000e-02   2.2271600e-02   2.0537700e-02   1.7062300e-02   1.8413100e-02   1.4389600e-02   1.6658400e-02   1.4954800e-02   1.4700600e-02   1.3681800e-02   1.3582200e-02   1.4056000e-02   1.2776400e-02   1.2606500e-02   1.4048400e-02   1.3349600e-02   1.3137200e-02   1.3581500e-02   1.3906000e-02   1.4457100e-02   1.4331600e-02   1.4748000e-02
   7.8506500e-02   4.5265000e-02   2.9637800e-02   2.4795600e-02   2.1459500e-02   1.8536100e-02   2.1874700e-02   1.7078200e-02   1.6449500e-02   1.4099500e-02   1.3068700e-02   1.3771700e-02   1.3568300e-02   1.2800300e-02   1.3229500e-02   1.3266700e-02   1.3422500e-02   1.2857300e-02   1.3983600e-02   1.3975600e-02   1.4423400e-02   1.4646100e-02   1.5958500e-02   1.4444600e-02   1.4522000e-02
   7.9497300e-02   4.5021400e-02   3.0505500e-02   2.5119300e-02   2.1419800e-02   1.9701100e-02   2.0083200e-02   1.6339200e-02   1.5667700e-02   1.5686800e-02   1.3620300e-02   1.4115000e-02   1.3077300e-02   1.3366200e-02   1.3394300e-02   1.3259000e-02   1.3931300e-02   1.5697700e-02   1.4822700e-02   1.4575100e-02   1.4085900e-02   1.3559100e-02   1.3639900e-02   1.3789600e-02   1.4883900e-02
   8.2112800e-02   4.4597600e-02   3.0164800e-02   2.9297400e-02   2.2800400e-02   2.2611300e-02   1.6437200e-02   1.5584100e-02   1.4896900e-02   1.6585300e-02   1.6222300e-02   1.4161800e-02   1.3173100e-02   1.2489800e-02   1.3087400e-02   1.2983400e-02   1.4915000e-02   1.3345400e-02   1.3628500e-02   1.4226200e-02   1.4397100e-02   1.4760800e-02   1.3924700e-02   1.4224900e-02   1.4453900e-02
   8.5348800e-02   4.4465500e-02   3.0697700e-02   2.6738000e-02   2.6562100e-02   1.8984900e-02   2.2683900e-02   2.8795400e-02   1.4893800e-02   1.7073800e-02   1.8888000e-02   1.5817300e-02   1.5299100e-02   1.3676300e-02   1.3586200e-02   1.5708600e-02   1.3402300e-02   1.3752100e-02   1.3697100e-02   1.4331900e-02   1.3189600e-02   1.3272300e-02   1.4322700e-02   1.4437100e-02   1.4668200e-02
   7.9155500e-02   4.4392300e-02   3.0658700e-02   2.6142800e-02   1.9984300e-02   2.3032600e-02   1.5723100e-02   1.6204700e-02   1.4457200e-02   1.6306100e-02   1.4042000e-02   1.3625400e-02   1.4502400e-02   1.3033300e-02   1.6290400e-02   1.3822900e-02   1.3374000e-02   1.3978800e-02   1.4277000e-02   1.4939700e-02   1.4607100e-02   1.4545400e-02   1.4433100e-02   1.6003500e-02   1.5273500e-02
   8.0639100e-02   4.4831800e-02   2.9822800e-02   2.5433700e-02   2.0112700e-02   1.9257700e-02   1.7306100e-02   1.4597400e-02   1.5685400e-02   1.4135100e-02   1.3261600e-02   1.3110600e-02   1.3749900e-02   1.3931200e-02   1.3691000e-02   1.5176100e-02   1.3201600e-02   1.6337500e-02   1.3296200e-02   1.3548900e-02   1.3849400e-02   1.4661300e-02   1.3417100e-02   1.3668100e-02   1.4687400e-02
   8.3063500e-02   4.4480000e-02   3.9689700e-02   2.5514700e-02   2.0731300e-02   1.9826800e-02   2.2660900e-02   1.6471800e-02   1.7360100e-02   1.4347600e-02   1.3453600e-02   1.3528200e-02   1.4013600e-02   1.3554300e-02   1.6267600e-02   1.5052900e-02   1.4882300e-02   1.7264000e-02   1.3740800e-02   1.3429000e-02   1.4081300e-02   1.5297600e-02   1.4029200e-02   1.4304500e-02   1.4789000e-02
   7.9212700e-02   4.4272700e-02   3.0901300e-02   2.6541800e-02   2.4577200e-02   2.2012000e-02   1.7111800e-02   2.1158500e-02   1.6718900e-02   1.3957600e-02   1.5221900e-02   1.4822400e-02   1.2745800e-02   1.3325500e-02   1.3401900e-02   1.2883600e-02   1.3218000e-02   1.3575000e-02   1.4416700e-02   1.3294200e-02   1.3381500e-02   1.4696600e-02   1.5450200e-02   1.4452800e-02   1.4347500e-02
   8.0044700e-02   4.7829000e-02   3.8414600e-02   2.5652700e-02   2.4713500e-02   2.2203600e-02   1.6854200e-02   1.6408200e-02   1.6610500e-02   1.4234400e-02   1.4541300e-02   1.4145800e-02   1.3167500e-02   1.3617100e-02   1.4228900e-02   1.2784400e-02   1.3383700e-02   1.4696400e-02   1.3402200e-02   1.3753300e-02   1.4253000e-02   1.6352600e-02   1.4707300e-02   1.4306600e-02   1.4396800e-02
   7.9872400e-02   4.4970900e-02   3.2732200e-02   2.8793300e-02   2.2155600e-02   1.9537700e-02   1.8766600e-02   1.7497400e-02   1.4875100e-02   1.3692700e-02   1.4688900e-02   1.2858600e-02   1.3411300e-02   1.3160500e-02   1.4399000e-02   1.3268300e-02   1.3297700e-02   1.3802700e-02   1.3770100e-02   1.4093700e-02   1.4754500e-02   1.4403400e-02   1.4729300e-02   1.4300900e-02   1.4838600e-02
   8.6264100e-02   4.8967200e-02   2.9966200e-02   3.8760600e-02   2.3908500e-02   2.2712900e-02   1.6924000e-02   1.6433600e-02   1.6016800e-02   1.5580800e-02   1.4487100e-02   1.3894400e-02   1.3348200e-02   1.4300300e-02   1.3656900e-02   1.2711800e-02   1.5619100e-02   1.2987300e-02   1.3400700e-02   1.4641200e-02   1.4420200e-02   1.3406900e-02   1.3841700e-02   1.5175500e-02   1.5840900e-02
   7.9820800e-02   4.5502700e-02   3.0237800e-02   3.0982200e-02   3.6991100e-02   2.1873700e-02   1.8938000e-02   2.0341300e-02   1.4664100e-02   1.4850900e-02   1.3115800e-02   1.5558800e-02   1.3683200e-02   1.4031700e-02   1.3662200e-02   1.3368000e-02   1.3855100e-02   1.3504600e-02   1.3785100e-02   1.3307100e-02   1.4055600e-02   1.3870200e-02   1.4343800e-02   1.4210000e-02   1.3935600e-02
   8.0459200e-02   4.4815500e-02   3.9406600e-02   2.5985500e-02   2.5008800e-02   1.8292500e-02   1.6358500e-02   1.7422900e-02   2.1857700e-02   1.5065100e-02   1.5834700e-02   1.5248400e-02   1.2921900e-02   1.4066600e-02   1.2847800e-02   1.3617500e-02   1.3174000e-02   1.3456800e-02   1.3238500e-02   1.3715200e-02   1.3722000e-02   1.4082600e-02   1.3842600e-02   1.4412300e-02   1.4664900e-02
   7.8637900e-02   4.4976900e-02   2.9820500e-02   2.6463700e-02   2.1265000e-02   1.9429300e-02   1.5764900e-02   1.7940100e-02   1.6786500e-02   1.4403900e-02   1.3047100e-02   1.4041000e-02   1.5271400e-02   1.3376200e-02   1.3293300e-02   1.7095700e-02   1.3598100e-02   1.3982200e-02   1.4224900e-02   1.4007200e-02   1.4065100e-02   1.4317400e-02   1.4837100e-02   1.5186100e-02   1.4414300e-02
   7.9975000e-02   4.5902300e-02   3.9252700e-02   2.5336700e-02   2.4998500e-02   1.8305500e-02   1.8780900e-02   1.6606800e-02   1.6184000e-02   1.5570200e-02   1.5109800e-02   1.3655100e-02   1.3208700e-02   1.4549900e-02   1.3065100e-02   1.3248600e-02   1.3064800e-02   1.4807300e-02   1.3153400e-02   1.3777200e-02   1.3890500e-02   1.5093900e-02   1.4172800e-02   1.4645000e-02   1.4895900e-02
   7.8797500e-02   4.5232600e-02   3.7765400e-02   2.6851500e-02   1.9815500e-02   1.8551800e-02   1.6666800e-02   1.6751400e-02   1.6570900e-02   1.4811200e-02   1.3841600e-02   1.4904000e-02   1.2965700e-02   1.3225400e-02   1.3455800e-02   1.2869400e-02   1.3023500e-02   1.3955400e-02   1.3212700e-02   1.3166800e-02   1.4015600e-02   1.4565300e-02   1.6438600e-02   1.4703500e-02   1.4359000e-02
   7.9462900e-02   4.4480600e-02   3.8929600e-02   4.0717700e-02   2.1762700e-02   2.0012500e-02   1.6305900e-02   1.6739800e-02   1.4673900e-02   1.7632300e-02   1.4382700e-02   1.5309300e-02   1.3154000e-02   1.5023100e-02   1.3566600e-02   1.2407100e-02   1.4670100e-02   1.3348400e-02   1.4150100e-02   1.3097300e-02   1.3780800e-02   1.4161800e-02   1.4201500e-02   1.4038600e-02   1.4453300e-02
   8.0300800e-02   4.4288400e-02   3.9916300e-02   2.5296800e-02   2.6197500e-02   2.1847300e-02   2.1030000e-02   1.5948900e-02   1.4034900e-02   1.6577500e-02   1.4657500e-02   1.3337500e-02   1.3259400e-02   1.4566200e-02   1.6529600e-02   1.3882200e-02   1.3167200e-02   1.5040800e-02   1.3118600e-02   1.4135500e-02   1.3776600e-02   1.4334800e-02   1.4383900e-02   1.4408400e-02   1.4269000e-02
