   7.8588200e-02   4.4292100e-02   2.9659700e-02   2.5882600e-02   2.5491200e-02   1.8747100e-02   2.0861700e-02   1.5895900e-02   1.6642200e-02   1.5225200e-02   1.3914000e-02   1.5055000e-02   1.4880100e-02   1.4039400e-02   1.3874200e-02   1.3035500e-02   1.4612300e-02   1.3303600e-02   1.3556100e-02   1.3465700e-02   1.3471800e-02   1.3814600e-02   1.4389500e-02   1.5394800e-02   1.4493200e-02
   8.5756900e-02   4.4639300e-02   4.0251500e-02   2.6136700e-02   2.6416400e-02   2.5839400e-02   1.5969700e-02   1.6850700e-02   1.4825600e-02   1.5555800e-02   1.4995400e-02   1.5091600e-02   1.3489400e-02   1.3442700e-02   1.3720100e-02   1.2969900e-02   1.3001300e-02   1.2792600e-02   1.4648300e-02   1.3877700e-02   1.3644500e-02   1.4541400e-02   1.4090300e-02   1.4018700e-02   1.4698100e-02
   7.8582500e-02   4.3561200e-02   3.7439500e-02   2.6604800e-02   2.1091200e-02   1.8313800e-02   2.1704000e-02   1.6789000e-02   1.6486500e-02   1.4619000e-02   1.3473900e-02   1.4398800e-02   1.4832600e-02   1.4611800e-02   1.5999200e-02   1.4373500e-02   1.3695900e-02   1.3499900e-02   1.3279200e-02   1.3292900e-02   1.4090400e-02   1.3885700e-02   1.4668900e-02   1.4525000e-02   1.5929600e-02
   7.9153800e-02   4.3601000e-02   3.0206900e-02   2.4727400e-02   2.3629600e-02   1.7354900e-02   1.9005300e-02   1.6026600e-02   1.4539500e-02   1.4591100e-02   1.3508600e-02   1.5984100e-02   1.3571600e-02   1.3808200e-02   1.3622200e-02   1.2803900e-02   1.3545000e-02   1.4429500e-02   1.3902800e-02   1.3742000e-02   1.3936400e-02   1.3711600e-02   1.3768700e-02   1.4200600e-02   1.4900900e-02
   7.9690200e-02   4.4116700e-02   3.0011200e-02   2.5665900e-02   2.5072900e-02   1.8468900e-02   1.7681600e-02   1.5703800e-02   1.5127700e-02   1.4924600e-02   1.4091800e-02   1.4125900e-02   1.4995100e-02   1.3477800e-02   1.3993100e-02   1.3982300e-02   1.3295300e-02   1.3407000e-02   1.3958400e-02   1.3797400e-02   1.4240700e-02   1.4890600e-02   1.3839200e-02   1.3983000e-02   1.4915500e-02
   7.9245200e-02   4.4429700e-02   4.0622500e-02   2.4770400e-02   2.4414400e-02   1.7013800e-02   2.1415100e-02   1.5278400e-02   1.5706600e-02   1.4434600e-02   1.3514100e-02   1.3521000e-02   1.5726900e-02   1.3414100e-02   1.3870300e-02   1.2453000e-02   1.7399500e-02   1.4086900e-02   1.4745100e-02   1.5447200e-02   1.5545000e-02   1.4540900e-02   1.4030200e-02   1.4378000e-02   1.4255400e-02
   7.8792500e-02   4.4099100e-02   2.9344400e-02   3.8712900e-02   2.5679100e-02   2.3692500e-02   1.8893400e-02   1.8843000e-02   1.5470100e-02   1.4046500e-02   1.6177400e-02   1.3628900e-02   1.5135700e-02   1.3869600e-02   1.3091200e-02   1.4233100e-02   1.3309400e-02   1.3948900e-02   1.3785400e-02   1.3730900e-02   1.4034800e-02   1.5341300e-02   1.4676400e-02   1.4592400e-02   1.4860300e-02
   8.0737600e-02   4.3785400e-02   3.8244700e-02   2.4446600e-02   2.1736500e-02   2.0536800e-02   2.2249500e-02   1.8028600e-02   1.4812300e-02   1.6364400e-02   1.3688100e-02   1.3524800e-02   1.3460000e-02   1.2720300e-02   1.4113200e-02   1.4515600e-02   1.3390000e-02   1.3205100e-02   1.3281200e-02   1.3514300e-02   1.3838200e-02   1.3449500e-02   1.5355800e-02   1.3841200e-02   1.4964000e-02
   7.9179400e-02   4.4356000e-02   2.9443300e-02   2.5780200e-02   2.2618000e-02   2.5143500e-02   1.6550100e-02   1.6168400e-02   1.5105600e-02   1.5478400e-02   1.5326000e-02   2.1157500e-02   1.4942800e-02   1.2518200e-02   1.4152600e-02   1.2929100e-02   1.3761500e-02   1.3023400e-02   1.3622200e-02   1.3307700e-02   1.3871500e-02   1.3924400e-02   1.4419400e-02   1.4288400e-02   1.4480300e-02
   7.9903400e-02   4.3068400e-02   2.9166400e-02   2.6893500e-02   2.3229200e-02   2.2871600e-02   1.9693500e-02   2.1677900e-02   1.5030200e-02   1.5196000e-02   1.5643200e-02   1.3733100e-02   1.3834600e-02   1.2836800e-02   1.3602300e-02   1.3268600e-02   1.2901700e-02   1.3450200e-02   1.5143500e-02   1.4021400e-02   1.3803100e-02   1.5135900e-02   1.4370300e-02   1.4963200e-02   1.5094100e-02
   7.9485600e-02   5.0641800e-02   4.0876800e-02   2.6289000e-02   2.0185100e-02   1.7740100e-02   2.0257300e-02   1.5453400e-02   1.3945700e-02   1.3974800e-02   1.3865400e-02   1.4185600e-02   1.3593200e-02   1.3007100e-02   1.3183600e-02   1.2585000e-02   1.3197100e-02   1.3317600e-02   1.3598100e-02   1.3033100e-02   1.4160900e-02   1.4002000e-02   1.3842000e-02   1.3958200e-02   1.4100700e-02
   7.9471700e-02   4.4422100e-02   3.8797800e-02   2.5122100e-02   2.4767400e-02   1.9571400e-02   1.7972300e-02   1.6410900e-02   1.5288500e-02   1.3781500e-02   1.5757400e-02   1.3481800e-02   1.7081000e-02   1.3379100e-02   1.3960100e-02   1.2734500e-02   1.3798300e-02   1.2787100e-02   1.3389100e-02   1.4457300e-02   1.4711400e-02   1.3740700e-02   1.5529700e-02   1.5670600e-02   1.4959300e-02
   7.9557000e-02   4.3915500e-02   3.9164100e-02   2.5687700e-02   2.0476500e-02   2.2070100e-02   1.8493300e-02   1.6020100e-02   1.8170700e-02   1.4911500e-02   1.4954700e-02   1.3265600e-02   1.4291100e-02   1.2950800e-02   1.3948700e-02   1.4409300e-02   1.4255800e-02   1.3187200e-02   1.5424500e-02   1.4304600e-02   1.3832300e-02   1.4106500e-02   1.3934900e-02   1.4332200e-02   1.4216700e-02
   8.0682400e-02   4.5125900e-02   2.9765100e-02   2.7739300e-02   2.4139200e-02   1.8789800e-02   1.6323500e-02   1.9818700e-02   1.4449600e-02   1.4189100e-02   1.3466000e-02   1.3381400e-02   1.2968100e-02   1.3264000e-02   1.3208800e-02   1.3339200e-02   1.2641400e-02   1.3629100e-02   1.3978900e-02   1.3093100e-02   1.3693100e-02   1.3540400e-02   1.4800800e-02   1.4503800e-02   1.3945300e-02
   7.9156700e-02   4.3620900e-02   3.7415500e-02   2.6118800e-02   2.1626900e-02   2.3123100e-02   1.6499900e-02   1.5574100e-02   1.7074000e-02   1.4223100e-02   2.0726400e-02   1.3806100e-02   1.4617600e-02   1.3129700e-02   1.3880400e-02   1.3277700e-02   1.3389200e-02   1.4704700e-02   1.4713500e-02   1.4133900e-02   1.4103400e-02   1.4055500e-02   1.4180400e-02   1.4008800e-02   1.6076500e-02
   7.9334600e-02   4.3841500e-02   3.0626200e-02   2.4608100e-02   2.2316100e-02   1.9739800e-02   1.6880200e-02   1.6888400e-02   1.6101100e-02   1.7375800e-02   1.3646000e-02   1.3616300e-02   1.3319000e-02   1.3898900e-02   1.3505100e-02   1.3081600e-02   1.3834400e-02   1.3899600e-02   1.4384600e-02   1.3148200e-02   1.3516900e-02   1.4512600e-02   1.4065500e-02   1.4325600e-02   1.4574200e-02
   8.4475600e-02   4.4833400e-02   3.0150100e-02   2.7904300e-02   2.1340100e-02   1.8321600e-02   2.0979600e-02   1.9499900e-02   1.4222100e-02   1.3536100e-02   1.4102500e-02   1.3702700e-02   1.4001600e-02   1.3253800e-02   1.4150500e-02   1.4224900e-02   1.3313100e-02   1.5076600e-02   1.9177700e-02   1.4413900e-02   1.5787500e-02   1.4348000e-02   1.3726800e-02   1.4647000e-02   1.4213000e-02
   8.1033400e-02   4.4415300e-02   3.0350600e-02   2.6187600e-02   2.1116200e-02   2.1349200e-02   1.9232500e-02   1.6299000e-02   1.5070900e-02   1.4702500e-02   1.4451200e-02   1.4715100e-02   1.4327200e-02   1.4678700e-02   1.2742600e-02   1.2702400e-02   1.3030400e-02   1.2726300e-02   1.4624400e-02   1.4165900e-02   1.4240000e-02   1.3516600e-02   1.4165000e-02   1.4152700e-02   1.4769400e-02
   7.8967900e-02   4.4796300e-02   2.9458500e-02   2.5413200e-02   2.2320000e-02   1.7562500e-02   1.7834900e-02   1.6076700e-02   1.5289300e-02   1.5186100e-02   1.4434300e-02   1.5123700e-02   1.3593400e-02   1.2951200e-02   1.9202500e-02   1.3161100e-02   1.3917400e-02   1.3677600e-02   1.2954500e-02   1.3423500e-02   1.4203300e-02   1.3359900e-02   1.4607200e-02   1.4623500e-02   1.4167000e-02
   8.0658400e-02   4.5069200e-02   4.0186400e-02   2.4986500e-02   2.4162500e-02   2.0348300e-02   2.1492000e-02   1.7279000e-02   1.8644700e-02   1.5591300e-02   1.4718200e-02   1.5226500e-02   1.4666700e-02   1.4658400e-02   1.4386400e-02   1.3528100e-02   1.3057700e-02   1.3073200e-02   1.3613100e-02   1.4177100e-02   1.3408200e-02   1.3897400e-02   1.3937900e-02   1.4366200e-02   1.4010500e-02
   8.0558800e-02   4.4666600e-02   4.0206200e-02   3.7518200e-02   2.3141900e-02   3.4768300e-02   1.6561300e-02   1.6649300e-02   1.6612200e-02   1.4185500e-02   1.3655200e-02   1.3416100e-02   1.4211300e-02   1.2814200e-02   1.3368200e-02   1.3010300e-02   1.2602100e-02   1.3962000e-02   1.3253200e-02   1.2996400e-02   1.3745700e-02   1.4239700e-02   1.5782700e-02   1.8381000e-02   1.4498700e-02
   7.9150000e-02   4.3662600e-02   3.0929900e-02   2.6473400e-02   2.0384100e-02   1.7644300e-02   1.8865800e-02   1.5687700e-02   1.5033300e-02   1.7221800e-02   1.5532700e-02   1.3709000e-02   1.4167100e-02   1.3316300e-02   1.2911800e-02   1.2584800e-02   1.2746700e-02   1.3734500e-02   1.2985800e-02   1.3439600e-02   1.4006700e-02   1.4371000e-02   1.4320500e-02   1.3978600e-02   1.4401200e-02
   7.9269200e-02   4.2603800e-02   3.0302900e-02   2.5431000e-02   2.0019100e-02   1.9301000e-02   1.8045900e-02   1.5976500e-02   1.5370000e-02   1.5695600e-02   1.3870500e-02   1.4157100e-02   1.6951700e-02   1.3615200e-02   1.3996000e-02   1.2604700e-02   1.8606300e-02   1.8398400e-02   1.3661300e-02   1.4474800e-02   1.4355200e-02   1.4234500e-02   1.4358200e-02   1.4648000e-02   1.4647100e-02
   8.0340500e-02   4.5160500e-02   3.3130200e-02   2.5454600e-02   2.4536100e-02   1.9272300e-02   1.6652400e-02   1.5619100e-02   1.6506900e-02   1.9782900e-02   1.4233400e-02   1.5759100e-02   1.3371300e-02   1.3464900e-02   1.3812100e-02   1.4969800e-02   1.5372000e-02   1.3619000e-02   1.3104400e-02   1.4343600e-02   1.5026200e-02   1.4718900e-02   1.4101000e-02   1.3770900e-02   1.4541000e-02
   8.5956600e-02   4.4424900e-02   3.9534600e-02   2.5047900e-02   2.3383600e-02   1.8859700e-02   1.6125300e-02   1.5450200e-02   1.8000500e-02   1.4364500e-02   1.3492000e-02   1.2816400e-02   1.4379900e-02   1.3262000e-02   1.6691300e-02   1.3409500e-02   1.2715000e-02   1.2828300e-02   1.2867600e-02   1.3300000e-02   1.4440400e-02   1.3990900e-02   1.4286000e-02   1.3632900e-02   1.4553800e-02
   8.0607000e-02   4.3612300e-02   2.9528500e-02   2.5430900e-02   2.1823600e-02   1.9859900e-02   2.1572900e-02   2.0153600e-02   1.6092100e-02   1.5086000e-02   1.5414000e-02   1.3676900e-02   1.6539400e-02   1.4972800e-02   1.3824800e-02   1.3456800e-02   1.3363900e-02   1.4168900e-02   1.3036700e-02   1.4493500e-02   1.5495100e-02   1.3533800e-02   1.3914600e-02   1.4087800e-02   1.5267000e-02
   7.9751300e-02   4.4475300e-02   3.9695300e-02   2.5640200e-02   2.1655900e-02   1.8809700e-02   1.8291400e-02   1.5883300e-02   1.5323500e-02   1.5349100e-02   1.3987500e-02   1.3670200e-02   1.4002500e-02   1.2735000e-02   1.2319100e-02   1.2748500e-02   1.4350600e-02   1.4181600e-02   1.3533100e-02   1.3705600e-02   1.3338300e-02   1.4028500e-02   1.3810000e-02   1.3713900e-02   1.4315700e-02
   8.0679600e-02   4.4632500e-02   3.9861200e-02   2.8951600e-02   2.1828100e-02   1.8469000e-02   1.7150800e-02   1.8690400e-02   1.6082800e-02   1.7178700e-02   1.5362500e-02   1.3490300e-02   1.4485500e-02   1.3705000e-02   1.4102800e-02   1.4456300e-02   1.4412500e-02   1.6196500e-02   1.3559500e-02   1.3380700e-02   1.4017500e-02   1.3816900e-02   1.4832300e-02   1.7018600e-02   1.6765300e-02
   7.9526200e-02   4.5662100e-02   3.0674100e-02   2.5917100e-02   2.6350100e-02   2.1971800e-02   1.8866200e-02   1.6643400e-02   1.5236500e-02   1.7118500e-02   1.7641000e-02   1.4888900e-02   1.3492100e-02   1.4842500e-02   1.3317500e-02   1.3571100e-02   1.3588100e-02   1.3792800e-02   1.3027900e-02   1.3588400e-02   1.4468500e-02   1.4146100e-02   1.4404700e-02   1.3692300e-02   1.5232900e-02
   8.0139300e-02   4.3687300e-02   2.9990300e-02   2.5998200e-02   3.4861400e-02   1.9944700e-02   1.7110100e-02   1.9127700e-02   1.5223700e-02   1.6712600e-02   1.5043400e-02   1.3449200e-02   1.3655400e-02   1.5003700e-02   1.4539000e-02   1.4359200e-02   1.4428900e-02   1.4133700e-02   1.3614500e-02   1.3451400e-02   1.5346100e-02   1.4399500e-02   1.4245200e-02   1.4134100e-02   1.4857500e-02
   7.9740400e-02   4.4107900e-02   3.0796900e-02   2.6220700e-02   2.7808100e-02   2.3967400e-02   1.9535000e-02   1.8121800e-02   1.4308200e-02   1.4672200e-02   1.3286100e-02   1.3936400e-02   1.3554200e-02   1.3678500e-02   1.3909800e-02   1.2893200e-02   1.3705200e-02   1.3499300e-02   1.3376100e-02   1.3458600e-02   1.3432500e-02   1.3697300e-02   1.4565000e-02   1.5039800e-02   1.4815200e-02
   7.8789900e-02   4.3998500e-02   3.8896400e-02   2.5973000e-02   2.2987900e-02   1.8103900e-02   2.3988300e-02   1.7305100e-02   1.5450400e-02   2.1950600e-02   1.6104100e-02   1.5362800e-02   1.3037400e-02   1.3753400e-02   1.5995900e-02   1.4543600e-02   1.3527600e-02   1.4126500e-02   1.3180900e-02   1.3828800e-02   1.3872300e-02   1.4574800e-02   1.4476400e-02   1.4010400e-02   1.4149400e-02
   8.0804300e-02   4.4344100e-02   3.9613400e-02   2.6361500e-02   2.1815200e-02   1.8236500e-02   1.6716600e-02   1.5754100e-02   1.6846900e-02   1.5775500e-02   1.4592900e-02   1.4451000e-02   1.6415100e-02   1.2838700e-02   1.3231900e-02   1.4188500e-02   1.3033800e-02   1.3447300e-02   1.3530400e-02   1.3586000e-02   1.4317700e-02   1.3974100e-02   1.3946900e-02   1.4035000e-02   1.4298200e-02
   8.1397100e-02   4.4695800e-02   4.0997800e-02   2.4845500e-02   2.1500100e-02   2.0532100e-02   2.2102500e-02   1.6846500e-02   1.4527100e-02   1.4089500e-02   1.4272800e-02   1.4722600e-02   1.4916400e-02   1.3289400e-02   1.3352500e-02   1.3588000e-02   1.3248000e-02   1.3850500e-02   1.3768200e-02   1.3813100e-02   1.3338800e-02   1.3835500e-02   1.3449300e-02   1.3986100e-02   1.4428400e-02
   8.0784000e-02   4.5205900e-02   3.3691200e-02   2.4516900e-02   2.5398800e-02   2.0588700e-02   1.6394300e-02   1.7935800e-02   1.5940000e-02   1.5643800e-02   1.3450800e-02   1.6417200e-02   1.3533200e-02   1.3612500e-02   1.3303500e-02   1.3175600e-02   1.3266100e-02   1.3511300e-02   1.3244600e-02   1.3775900e-02   1.3765500e-02   1.4300900e-02   1.4721100e-02   1.4799500e-02   1.4664600e-02
   8.1929800e-02   4.4758000e-02   2.9964200e-02   2.4378700e-02   2.0992400e-02   2.3738300e-02   1.7498600e-02   1.5590000e-02   1.8189000e-02   1.5166500e-02   1.5012300e-02   1.5844300e-02   1.3379100e-02   1.4329200e-02   1.4604900e-02   1.3861000e-02   1.2829600e-02   1.3980900e-02   1.3826700e-02   1.2947100e-02   1.4197300e-02   1.3877700e-02   1.4332100e-02   1.4463800e-02   1.4716000e-02
   8.0535800e-02   4.3946600e-02   2.9532600e-02   2.4398100e-02   2.3902200e-02   2.0046700e-02   1.6171000e-02   2.1952400e-02   1.5824100e-02   1.6095700e-02   1.5373900e-02   1.3783500e-02   1.4384100e-02   1.3821900e-02   1.4115000e-02   1.6035200e-02   1.4654200e-02   1.4314200e-02   1.3362700e-02   1.3695100e-02   1.3745700e-02   1.3732700e-02   1.3883100e-02   1.4370200e-02   1.4141800e-02
   8.0988000e-02   4.3569700e-02   2.9779800e-02   2.6417300e-02   2.5551700e-02   1.9776200e-02   1.6578400e-02   1.6782500e-02   1.5949000e-02   1.6180800e-02   1.4588200e-02   1.3510400e-02   1.5284900e-02   1.5403600e-02   1.3892900e-02   1.4417300e-02   1.2695200e-02   1.3156900e-02   1.4487600e-02   1.3802000e-02   1.3851900e-02   1.3530200e-02   1.3615000e-02   1.5478900e-02   1.5655400e-02
   7.9624900e-02   4.4999100e-02   3.2746000e-02   2.4361700e-02   2.1424100e-02   1.8808400e-02   1.9706000e-02   1.8028200e-02   1.6451700e-02   1.5221600e-02   1.5404500e-02   1.3568100e-02   1.5194800e-02   1.5359600e-02   1.3974400e-02   1.3663900e-02   1.3619600e-02   1.4191700e-02   1.3118500e-02   1.3238000e-02   1.3491900e-02   1.4251000e-02   1.3619200e-02   1.4418000e-02   1.4421500e-02
   7.9164200e-02   4.3406700e-02   3.3860600e-02   2.4846400e-02   2.2027000e-02   2.0284000e-02   1.5654500e-02   1.7024800e-02   1.9573600e-02   1.6415800e-02   1.5867800e-02   1.3581000e-02   1.3192100e-02   1.3044400e-02   2.3568300e-02   1.4454700e-02   1.3851800e-02   1.3528300e-02   1.4363500e-02   1.4973800e-02   1.5074700e-02   1.4278500e-02   1.4211400e-02   1.4238100e-02   1.5306700e-02
   8.1777300e-02   4.3040000e-02   3.0058000e-02   2.6643800e-02   2.3786900e-02   2.4154700e-02   2.3522600e-02   1.5971800e-02   1.8422300e-02   1.6562200e-02   1.4203700e-02   1.3263500e-02   1.3813000e-02   1.3615300e-02   1.4239100e-02   1.3756700e-02   1.3679300e-02   1.2497100e-02   1.3613300e-02   1.4513800e-02   1.3617200e-02   1.4648300e-02   1.5133400e-02   1.5284500e-02   1.5613300e-02
   8.1043700e-02   4.4872800e-02   3.9428300e-02   2.7621200e-02   2.3993000e-02   1.9821100e-02   1.8136000e-02   1.8003500e-02   1.7414700e-02   1.6216600e-02   1.6690700e-02   1.5306800e-02   1.5672400e-02   1.5205000e-02   1.6632100e-02   1.5145800e-02   1.4065900e-02   1.5610700e-02   1.5185800e-02   1.3899000e-02   1.4253500e-02   1.4392800e-02   1.4080100e-02   1.4473500e-02   1.5978700e-02
   8.1772900e-02   4.4152700e-02   3.0573100e-02   2.5195500e-02   2.2867200e-02   2.1616900e-02   1.7556700e-02   1.6458700e-02   1.6038900e-02   1.5506100e-02   1.4096500e-02   1.5446200e-02   1.9736100e-02   1.4136500e-02   1.3942400e-02   1.3052400e-02   1.5126200e-02   1.4637600e-02   1.4260400e-02   1.4955900e-02   1.4615800e-02   1.4451800e-02   1.4030900e-02   1.4556600e-02   1.4279000e-02
   7.9059400e-02   4.4664700e-02   3.4027900e-02   2.5741600e-02   2.0336900e-02   2.3224800e-02   2.0647100e-02   1.5639700e-02   1.6031100e-02   1.4192200e-02   1.3790600e-02   1.3674900e-02   1.2684600e-02   1.3479500e-02   1.3773500e-02   1.2873400e-02   1.4334400e-02   1.3094900e-02   1.2967600e-02   1.4187000e-02   1.3981600e-02   1.4016000e-02   1.4154000e-02   1.6781900e-02   1.4284000e-02
   8.1164500e-02   4.4871600e-02   4.0174800e-02   2.6246100e-02   2.1686000e-02   2.1782900e-02   2.2738600e-02   1.4861100e-02   1.7409300e-02   1.4914900e-02   1.6657000e-02   1.4155000e-02   1.4505700e-02   1.3990200e-02   1.3098700e-02   1.3639800e-02   1.4426300e-02   1.3509000e-02   1.3153600e-02   1.3823800e-02   1.3991600e-02   1.4883500e-02   1.4355100e-02   1.5044900e-02   1.4839100e-02
   7.9088700e-02   4.3019400e-02   3.0097100e-02   2.7683600e-02   2.1319800e-02   2.3829200e-02   1.6318600e-02   1.5048400e-02   1.6403400e-02   1.3792400e-02   1.4078800e-02   1.4062300e-02   1.2719000e-02   1.3618400e-02   1.2816400e-02   1.4125500e-02   1.3876800e-02   1.4005700e-02   1.3322400e-02   1.3258200e-02   1.3614800e-02   1.4580100e-02   1.4650900e-02   1.4564500e-02   1.5380200e-02
   7.9143900e-02   4.4960400e-02   2.9929900e-02   2.6795600e-02   2.4980100e-02   2.1864400e-02   2.0112100e-02   1.7596500e-02   1.5948000e-02   1.5489700e-02   1.4127100e-02   1.4990300e-02   1.4596000e-02   1.4533700e-02   1.3780200e-02   1.2845800e-02   1.3775300e-02   1.3894500e-02   1.4175100e-02   1.4580900e-02   1.3738000e-02   1.3786500e-02   1.4567600e-02   1.4847300e-02   1.4209400e-02
   8.0321600e-02   4.4018500e-02   3.3865100e-02   2.6042400e-02   2.8646800e-02   2.0493000e-02   1.6267000e-02   1.5506000e-02   1.4197500e-02   1.4120000e-02   1.4848000e-02   1.4000500e-02   1.3213900e-02   1.3953800e-02   1.3664000e-02   1.3845200e-02   1.3741700e-02   1.3492100e-02   1.3396800e-02   1.3965600e-02   1.3577100e-02   1.4361000e-02   1.4725700e-02   1.3977300e-02   1.4774500e-02
   8.4306500e-02   4.5189300e-02   2.9758800e-02   2.5198800e-02   2.2044400e-02   1.8478900e-02   2.0394400e-02   1.6474200e-02   1.5518100e-02   1.4918200e-02   1.3794100e-02   1.4106100e-02   1.5577300e-02   1.3398200e-02   1.3955600e-02   1.3141000e-02   1.3955500e-02   1.3964500e-02   1.3618100e-02   1.3974000e-02   1.3983900e-02   1.4936100e-02   1.4249900e-02   1.4029800e-02   1.4951300e-02
   8.3576000e-02   4.4537300e-02   2.9658100e-02   2.5428400e-02   3.6092100e-02   2.2848300e-02   1.8951300e-02   1.5910100e-02   1.5759800e-02   1.4174800e-02   1.4695400e-02   1.4446000e-02   1.4698800e-02   1.3429600e-02   1.3835800e-02   1.2706400e-02   1.4062300e-02   1.3682300e-02   1.3270500e-02   1.3788900e-02   1.3148900e-02   1.3776400e-02   1.4881800e-02   1.4719900e-02   1.6204700e-02
   7.9155600e-02   4.4346600e-02   2.9911000e-02   2.4181200e-02   2.3051900e-02   1.8222300e-02   1.7565900e-02   1.5183700e-02   1.5007900e-02   1.3981700e-02   1.5145400e-02   1.4285900e-02   1.3942900e-02   1.4454600e-02   1.3151400e-02   1.3320300e-02   1.3337200e-02   1.3439100e-02   1.3405600e-02   1.3442000e-02   1.3208800e-02   1.3748100e-02   1.3244200e-02   1.4240000e-02   1.4896900e-02
   7.9607200e-02   4.6004300e-02   2.9792300e-02   2.4861100e-02   2.2764100e-02   2.2991300e-02   1.8257900e-02   1.8335300e-02   1.7697800e-02   1.5067700e-02   2.0998800e-02   1.5336100e-02   1.5038600e-02   1.3030900e-02   1.5015400e-02   1.3880900e-02   1.3129800e-02   1.4272800e-02   1.3546100e-02   1.3827700e-02   1.3627900e-02   1.4144000e-02   1.6584800e-02   1.3643900e-02   1.4133800e-02
   8.1769100e-02   4.4384800e-02   2.9654700e-02   2.4260000e-02   2.3765500e-02   2.0253000e-02   2.1697700e-02   1.5682200e-02   1.4808400e-02   1.4655400e-02   1.3246700e-02   1.5210300e-02   1.4046400e-02   1.2859400e-02   1.5007700e-02   1.4681300e-02   1.5547300e-02   1.3951900e-02   1.4882000e-02   1.3472500e-02   1.3125800e-02   1.3794000e-02   1.5613600e-02   1.4764500e-02   1.4222200e-02
   8.1744400e-02   4.3440800e-02   2.9509500e-02   2.5130100e-02   2.7919600e-02   2.1501900e-02   1.6924700e-02   1.6240000e-02   1.5331000e-02   1.4051600e-02   1.3896800e-02   1.8543300e-02   1.4552900e-02   1.4056200e-02   1.3517800e-02   1.2748100e-02   1.2872600e-02   1.4135700e-02   1.3329500e-02   1.3280400e-02   1.3679400e-02   1.3814300e-02   1.3562900e-02   1.4098200e-02   1.5025700e-02
   7.9686400e-02   4.3040500e-02   4.4187600e-02   2.9340400e-02   2.2730100e-02   1.7964000e-02   1.6794900e-02   1.7832900e-02   1.5212500e-02   1.6275900e-02   2.1241100e-02   2.0812500e-02   1.4904600e-02   1.4408700e-02   1.3823400e-02   1.2874700e-02   2.0323600e-02   1.3062100e-02   1.4645300e-02   1.3655600e-02   1.4282800e-02   1.3913700e-02   1.4427300e-02   1.4572100e-02   1.4828800e-02
   7.9444000e-02   4.4038400e-02   2.9285000e-02   2.4009400e-02   1.9681400e-02   1.8217700e-02   1.6681900e-02   1.5696800e-02   1.4959000e-02   1.3471400e-02   1.3062700e-02   1.3095500e-02   1.4766600e-02   1.3100900e-02   1.2736400e-02   1.3426500e-02   1.4254500e-02   1.3641300e-02   1.3555800e-02   1.2935200e-02   1.3754200e-02   1.3787400e-02   1.4707000e-02   1.4446300e-02   1.4339200e-02
   8.1895500e-02   4.3528100e-02   3.0895100e-02   2.7284200e-02   2.5812500e-02   1.7604500e-02   1.8467800e-02   2.0398900e-02   1.4058800e-02   1.5911800e-02   1.5485900e-02   1.3638200e-02   1.4309300e-02   1.3706400e-02   1.3080600e-02   1.3868100e-02   1.3427900e-02   1.3128400e-02   1.3717500e-02   1.4477600e-02   1.3844000e-02   1.4178800e-02   1.5423900e-02   1.4241300e-02   1.5279600e-02
   7.9584300e-02   4.4025500e-02   4.1704000e-02   2.7076600e-02   2.5134100e-02   2.1730300e-02   2.1483900e-02   2.1761900e-02   1.6087000e-02   1.6751300e-02   1.4091900e-02   1.3483700e-02   1.3684600e-02   1.4238600e-02   1.3159000e-02   1.3130100e-02   1.3207500e-02   1.3339100e-02   1.3599200e-02   1.3687200e-02   1.3845800e-02   1.3689500e-02   1.3872200e-02   1.4026500e-02   1.5206000e-02
   8.0220900e-02   4.3715400e-02   3.0535900e-02   2.4898800e-02   2.3129500e-02   2.2144500e-02   1.7517400e-02   1.5670500e-02   1.4628300e-02   1.4757800e-02   1.4661400e-02   1.6247100e-02   1.4423700e-02   1.7144500e-02   1.8036200e-02   1.4783800e-02   1.4006500e-02   1.3802300e-02   1.3327300e-02   1.4000200e-02   1.4354300e-02   1.4517900e-02   1.4051100e-02   1.3898800e-02   1.6231500e-02
   8.0313800e-02   4.6533300e-02   3.0424500e-02   2.4575800e-02   2.3622400e-02   2.0072800e-02   1.6961900e-02   1.6561400e-02   1.6262700e-02   1.4265200e-02   1.5119900e-02   1.5072200e-02   1.5243400e-02   1.3997800e-02   1.3193900e-02   1.4131600e-02   1.4353700e-02   1.5215600e-02   1.3253200e-02   1.3509600e-02   2.0785100e-02   1.9267900e-02   1.9263600e-02   1.5387300e-02   1.4604300e-02
   7.9449700e-02   4.4771500e-02   3.9979800e-02   2.4756200e-02   2.6631900e-02   2.0536000e-02   1.9985000e-02   1.6155800e-02   1.3951000e-02   1.3724900e-02   1.3577600e-02   1.3311100e-02   1.2894600e-02   1.2725500e-02   1.3702100e-02   1.3303100e-02   1.4452600e-02   1.3599500e-02   1.3656600e-02   1.3939300e-02   1.4319700e-02   1.4010100e-02   1.4200500e-02   1.4238000e-02   1.4323000e-02
   8.4583000e-02   4.4869600e-02   3.1231300e-02   2.8755400e-02   2.2210500e-02   2.1948100e-02   1.6572600e-02   1.7065000e-02   1.6045100e-02   1.4565200e-02   1.3553500e-02   1.4557200e-02   1.3397900e-02   1.2302500e-02   1.3739900e-02   1.3266200e-02   1.4183900e-02   1.3846700e-02   1.2982900e-02   1.3831700e-02   1.3852000e-02   1.4816300e-02   1.4685500e-02   1.4474900e-02   1.6234600e-02
   8.3510300e-02   4.6193800e-02   3.1628500e-02   2.4536900e-02   2.2659700e-02   2.2148900e-02   2.3102100e-02   1.6051500e-02   2.0266500e-02   1.3787300e-02   1.5186900e-02   1.3210600e-02   1.3282300e-02   1.3702900e-02   1.3418500e-02   1.3040200e-02   1.3011200e-02   1.5036800e-02   1.3738900e-02   1.3930400e-02   1.3464000e-02   1.3724400e-02   1.6666200e-02   1.3973600e-02   1.4792700e-02
   8.4517500e-02   4.5079900e-02   3.3032200e-02   2.6303700e-02   2.5966600e-02   2.2189000e-02   1.6714200e-02   1.6039300e-02   1.5508300e-02   1.3749700e-02   2.1199700e-02   1.4313700e-02   1.4580800e-02   1.3510400e-02   1.6127400e-02   1.5303900e-02   1.3779500e-02   1.3879100e-02   1.2848200e-02   1.3690800e-02   1.4113300e-02   1.4267700e-02   1.4454400e-02   1.4259900e-02   1.5316100e-02
   8.0535200e-02   4.4751400e-02   2.9892800e-02   2.5691300e-02   2.0681300e-02   2.0310900e-02   1.8780100e-02   2.4189300e-02   1.4459800e-02   1.4889500e-02   1.3662500e-02   1.3347100e-02   1.5679300e-02   1.3184100e-02   1.4798400e-02   1.5129400e-02   1.5025200e-02   1.3584300e-02   1.4554700e-02   1.3696500e-02   1.4569900e-02   2.2704500e-02   1.3736900e-02   1.4711300e-02   1.4470300e-02
   7.9442000e-02   4.4114100e-02   3.0512600e-02   2.8238600e-02   2.5555000e-02   2.0261200e-02   1.6390900e-02   1.7305200e-02   1.6085500e-02   1.5714900e-02   1.5822300e-02   1.3631300e-02   1.3287000e-02   1.4202900e-02   1.3024600e-02   1.5434700e-02   1.2804600e-02   1.3008600e-02   1.3825600e-02   1.4709400e-02   1.5028600e-02   1.4547700e-02   1.3732000e-02   1.4056200e-02   1.4279500e-02
   7.9753200e-02   4.3603500e-02   3.0144300e-02   2.5936200e-02   2.1011400e-02   1.7729800e-02   2.4527800e-02   1.8268100e-02   1.4767900e-02   1.4434200e-02   1.7548400e-02   1.4248900e-02   1.3635600e-02   1.4328300e-02   1.2727300e-02   1.3257700e-02   1.5908900e-02   1.3493000e-02   1.4022000e-02   1.4274200e-02   1.7107600e-02   1.3969900e-02   1.5894300e-02   1.7159600e-02   1.5500900e-02
   8.0634500e-02   4.4856100e-02   3.3902900e-02   2.9215600e-02   1.9534500e-02   2.6620900e-02   1.8379200e-02   1.9208100e-02   1.5706100e-02   1.6375000e-02   1.4793400e-02   1.3338900e-02   1.5164700e-02   1.3406100e-02   1.3208300e-02   1.3123000e-02   1.3626900e-02   1.3749400e-02   1.4725800e-02   1.4760900e-02   1.4992800e-02   1.5009200e-02   1.4837200e-02   1.4324000e-02   1.4727600e-02
   8.1793600e-02   4.6848400e-02   3.0809300e-02   3.9526600e-02   2.1831600e-02   2.0420800e-02   1.6991100e-02   1.8128100e-02   1.6731700e-02   1.5044400e-02   1.4052800e-02   1.4781000e-02   1.2467900e-02   1.3244100e-02   1.3232900e-02   1.3367300e-02   1.2900300e-02   1.3026200e-02   1.3327100e-02   1.4422000e-02   1.4586900e-02   1.4186600e-02   1.5645900e-02   1.9332400e-02   1.5105300e-02
   8.0086700e-02   4.3902000e-02   3.0794900e-02   2.4470200e-02   2.3462500e-02   1.8504500e-02   2.1076700e-02   1.8303700e-02   1.5857700e-02   1.4484900e-02   1.3424300e-02   1.3702900e-02   1.3252000e-02   1.3866900e-02   1.3007600e-02   1.3025900e-02   1.2722100e-02   1.3946600e-02   1.3392500e-02   1.3116400e-02   1.3757700e-02   1.3814600e-02   1.4226700e-02   1.4737200e-02   1.4490700e-02
   7.8762300e-02   4.3622400e-02   4.0919000e-02   2.8374900e-02   2.1124100e-02   1.8775600e-02   1.8805300e-02   1.5707200e-02   1.4421800e-02   1.5189800e-02   1.4595000e-02   1.5852400e-02   1.3567000e-02   1.4220900e-02   1.4172100e-02   1.3587800e-02   1.7051400e-02   1.7212800e-02   1.6788900e-02   1.7139000e-02   1.4735600e-02   1.4595700e-02   1.8100600e-02   1.9557200e-02   1.6490600e-02
   9.7009600e-02   5.1980000e-02   3.2398300e-02   3.0497100e-02   3.1434100e-02   1.9675000e-02   3.2839500e-02   2.0685100e-02   2.2316300e-02   2.2790200e-02   1.8729500e-02   2.2588100e-02   2.5952000e-02   2.8180100e-02   1.6996800e-02   2.1288200e-02   1.6370300e-02   2.0435800e-02   1.7126300e-02   2.1065400e-02   2.7618200e-02   1.7734200e-02   1.6827000e-02   1.5081300e-02   1.5504700e-02
   8.5712000e-02   4.6783700e-02   3.6488800e-02   3.0317100e-02   2.1485300e-02   2.2541900e-02   1.9527700e-02   1.7390200e-02   1.7406600e-02   1.7252300e-02   2.2025100e-02   1.7353600e-02   1.4737000e-02   1.4351900e-02   1.4014700e-02   1.3915300e-02   1.4143700e-02   1.5148200e-02   1.4092500e-02   1.4418400e-02   1.4569100e-02   3.1422900e-02   1.6816200e-02   1.5114500e-02   1.6611200e-02
   9.3503500e-02   5.5727700e-02   3.2183600e-02   4.1161100e-02   2.7207700e-02   2.3609300e-02   2.2856900e-02   2.3749000e-02   1.6515700e-02   1.8503900e-02   1.5554200e-02   1.8865800e-02   2.2133900e-02   1.5131200e-02   1.5877700e-02   1.5331400e-02   1.6352500e-02   1.6604800e-02   1.7946200e-02   1.5412600e-02   1.5845000e-02   1.5835900e-02   1.6380900e-02   1.5938200e-02   1.6989400e-02
   8.8900600e-02   4.6437900e-02   4.3566700e-02   2.9590400e-02   3.2851000e-02   2.3157800e-02   1.8389100e-02   1.9746300e-02   2.3426700e-02   2.5590400e-02   2.3726800e-02   2.0553200e-02   2.4066900e-02   1.7500100e-02   2.3288800e-02   1.5788400e-02   1.5315400e-02   1.6756200e-02   1.4402600e-02   1.4966700e-02   1.5286200e-02   1.5239800e-02   1.6846500e-02   2.3589300e-02   1.5159200e-02
   8.7743500e-02   5.5673000e-02   3.6661500e-02   3.2092100e-02   2.6512700e-02   2.1413500e-02   2.1451400e-02   1.6452400e-02   1.5709500e-02   1.7516100e-02   1.7165400e-02   1.5423100e-02   1.7051000e-02   1.4520100e-02   1.4054000e-02   1.4249100e-02   1.3814700e-02   1.4133900e-02   1.4453800e-02   1.5120700e-02   1.4203300e-02   1.4840200e-02   1.5758700e-02   1.5216300e-02   1.7533400e-02
   8.2312700e-02   4.5912900e-02   3.0194800e-02   2.7008000e-02   2.1279800e-02   1.9743900e-02   1.6115500e-02   1.6448700e-02   2.1316300e-02   1.4355400e-02   1.4506800e-02   1.4405600e-02   1.4093200e-02   1.3986000e-02   1.4667100e-02   1.4518100e-02   1.3198800e-02   1.3535600e-02   1.3356300e-02   1.3461100e-02   1.4637400e-02   1.4599400e-02   1.4058300e-02   1.7430100e-02   1.5056000e-02
   8.0850300e-02   4.3870900e-02   3.2571500e-02   2.9788900e-02   2.3138300e-02   2.4672500e-02   1.6360000e-02   1.5629100e-02   1.5655400e-02   1.4331000e-02   1.4946400e-02   1.3621300e-02   1.2863500e-02   1.4027000e-02   1.4790900e-02   1.3273000e-02   1.3455100e-02   1.3102900e-02   1.3344700e-02   1.6162800e-02   1.4208000e-02   1.3500600e-02   1.4421000e-02   1.4944300e-02   1.4917700e-02
   8.0399800e-02   4.4666400e-02   2.9941700e-02   3.6946700e-02   2.2867100e-02   1.9744800e-02   2.1073500e-02   1.4888800e-02   1.4930100e-02   1.7056800e-02   1.5881100e-02   1.3415400e-02   1.3815400e-02   1.3129200e-02   1.3696500e-02   1.2413000e-02   1.4042100e-02   1.4571000e-02   1.3542400e-02   1.2919600e-02   1.3780300e-02   1.4031000e-02   1.3574800e-02   1.4717200e-02   1.4469600e-02
   8.1901700e-02   4.4917500e-02   3.3897800e-02   2.6024800e-02   2.4343700e-02   2.2250500e-02   1.8466200e-02   1.6545600e-02   2.2160200e-02   1.6066500e-02   1.4534500e-02   1.3531800e-02   1.3185900e-02   1.3475000e-02   1.2755600e-02   1.3512100e-02   1.2865200e-02   1.3395200e-02   1.3603900e-02   1.3330900e-02   1.3620700e-02   1.4270400e-02   1.4444300e-02   1.3800900e-02   1.4848000e-02
   8.1964600e-02   4.5324700e-02   3.9238100e-02   2.4330000e-02   2.3504900e-02   2.0892300e-02   2.0084200e-02   1.8048300e-02   1.6665300e-02   1.5597100e-02   1.3892600e-02   1.6527700e-02   1.4914400e-02   1.8422200e-02   1.3636300e-02   1.3903900e-02   1.3532600e-02   1.4188600e-02   1.4006000e-02   1.4270100e-02   1.4938900e-02   1.4246400e-02   1.4026600e-02   1.4196000e-02   1.4722600e-02
   8.1482500e-02   4.2894600e-02   2.9948100e-02   3.0233100e-02   2.1299700e-02   2.2053300e-02   1.6749700e-02   2.1697500e-02   1.5317200e-02   1.5272000e-02   1.3465100e-02   1.2943100e-02   1.4082300e-02   1.4051100e-02   1.6088600e-02   1.3915400e-02   1.5276100e-02   1.5704600e-02   1.4078300e-02   1.4579600e-02   1.5294800e-02   1.4602500e-02   1.4063300e-02   1.4649900e-02   1.5430000e-02
   7.9918000e-02   4.5349400e-02   2.9799100e-02   2.6883600e-02   2.3072400e-02   2.2188000e-02   1.6876600e-02   1.5478400e-02   1.5475500e-02   1.4813700e-02   1.3724800e-02   1.5197000e-02   1.4803900e-02   1.3405000e-02   1.3560500e-02   1.3741300e-02   1.3759200e-02   1.3389100e-02   1.3705200e-02   1.3921700e-02   1.3301400e-02   1.4670900e-02   1.4241100e-02   1.3852700e-02   1.5380800e-02
   8.0846500e-02   4.5297700e-02   2.9432800e-02   2.5104400e-02   2.5445200e-02   2.0720600e-02   1.9048100e-02   1.5553000e-02   1.5108700e-02   1.5839500e-02   2.0708400e-02   1.3881600e-02   1.4216000e-02   1.4993900e-02   1.5491400e-02   1.2971800e-02   1.2996300e-02   1.2762400e-02   1.4109400e-02   1.3900200e-02   1.3948100e-02   1.4818700e-02   1.4063800e-02   1.4043500e-02   1.4568800e-02
   7.9667500e-02   4.4405500e-02   3.3729100e-02   2.6384500e-02   2.3826000e-02   1.9205200e-02   1.7062900e-02   1.6202400e-02   1.5117900e-02   1.7894200e-02   1.8071600e-02   1.6230500e-02   1.4756000e-02   1.4050200e-02   1.3383300e-02   1.3373700e-02   1.3574500e-02   1.4704600e-02   1.3926800e-02   1.4062500e-02   1.3700400e-02   1.3547300e-02   1.6003900e-02   1.4938300e-02   1.4594600e-02
   8.2003000e-02   4.4056700e-02   2.9712100e-02   2.8547100e-02   1.9748400e-02   1.9325900e-02   2.0254400e-02   1.5458300e-02   1.6577000e-02   1.8631900e-02   1.3961100e-02   1.6391400e-02   1.4306200e-02   1.3718200e-02   1.3861800e-02   1.3350100e-02   1.4307400e-02   1.3269200e-02   1.4079400e-02   1.4478600e-02   1.4005900e-02   1.4827600e-02   1.3720000e-02   1.4495400e-02   1.4510200e-02
   8.0347600e-02   4.3639600e-02   3.0490200e-02   2.6347200e-02   2.1098900e-02   2.2789400e-02   1.9338000e-02   1.7190100e-02   1.4395000e-02   1.5292100e-02   1.3973100e-02   1.4351100e-02   1.5867000e-02   1.2703100e-02   1.3886700e-02   1.2905800e-02   1.4464000e-02   1.5023600e-02   1.4117400e-02   1.3719600e-02   1.6028500e-02   1.4504200e-02   1.5360000e-02   1.4731900e-02   1.4143600e-02
   8.0664700e-02   4.5869300e-02   3.3613400e-02   2.4136300e-02   1.9809100e-02   1.8406700e-02   1.6679500e-02   1.5701900e-02   1.5146800e-02   1.4420600e-02   1.4467200e-02   1.5642900e-02   1.3436900e-02   1.2372700e-02   1.3469400e-02   1.4730000e-02   1.3290700e-02   1.3795300e-02   1.3619400e-02   1.3350000e-02   1.3706400e-02   1.4547600e-02   1.3969300e-02   1.4805900e-02   1.4226000e-02
   7.9875100e-02   4.4992900e-02   3.9866000e-02   2.6721800e-02   2.1471200e-02   2.1703800e-02   2.0253900e-02   1.6810800e-02   1.5506200e-02   1.4754700e-02   1.4009400e-02   1.3502400e-02   1.4050800e-02   1.4778700e-02   1.2441200e-02   1.5581600e-02   1.5049300e-02   1.4151700e-02   1.4111700e-02   1.4288700e-02   1.5268700e-02   1.4129000e-02   1.4383500e-02   1.4839200e-02   1.4224200e-02
   7.9607900e-02   4.4284900e-02   4.1563200e-02   2.7892300e-02   2.2720200e-02   2.0938000e-02   1.7047300e-02   1.5776100e-02   1.6559200e-02   1.3771400e-02   1.4876200e-02   1.3536000e-02   1.7260300e-02   1.3806100e-02   1.4596400e-02   1.9916500e-02   1.4891700e-02   1.3744200e-02   1.4135900e-02   1.3320500e-02   1.3653000e-02   1.4804100e-02   1.4142200e-02   1.4473000e-02   1.4818900e-02
   8.0174800e-02   4.3333100e-02   2.9672500e-02   2.7137100e-02   2.0141000e-02   2.1475800e-02   1.7638200e-02   1.5711900e-02   1.7788200e-02   1.5397600e-02   2.0974600e-02   1.4400800e-02   1.4386200e-02   1.4445800e-02   1.3437800e-02   1.3860400e-02   1.3584900e-02   1.3792500e-02   1.3839400e-02   1.3468100e-02   1.3596400e-02   1.4383900e-02   1.4319000e-02   1.4769000e-02   1.4518200e-02
   8.0810600e-02   4.5715500e-02   2.9566200e-02   2.4790500e-02   3.8065200e-02   2.0623000e-02   1.7916900e-02   2.1056900e-02   1.5189600e-02   1.5291800e-02   1.5458900e-02   1.3617600e-02   1.3374000e-02   1.4045200e-02   1.4081000e-02   1.3548000e-02   1.3642200e-02   1.3813200e-02   1.3736800e-02   1.9801700e-02   1.3962900e-02   1.3775100e-02   1.5563400e-02   1.4711500e-02   1.6267600e-02
   7.9812400e-02   4.4657700e-02   2.9192600e-02   2.5240400e-02   2.2291200e-02   2.1216800e-02   1.7520700e-02   1.6045900e-02   1.5551300e-02   1.4825900e-02   1.3972200e-02   1.4397800e-02   1.4405700e-02   1.3286900e-02   1.3343600e-02   1.3136100e-02   1.4561000e-02   1.4126000e-02   1.3302200e-02   1.3320000e-02   1.4174800e-02   1.5102300e-02   1.7675800e-02   1.4452000e-02   1.4868800e-02
   8.0047800e-02   4.4301400e-02   2.9039200e-02   2.4061800e-02   2.2521200e-02   2.1496500e-02   1.7568400e-02   1.6091200e-02   1.4901000e-02   1.7173200e-02   1.4231100e-02   1.3568400e-02   1.3249800e-02   1.2762900e-02   1.3234500e-02   1.3140500e-02   1.2764800e-02   1.3311300e-02   1.3817800e-02   1.3533300e-02   1.3704400e-02   1.3592800e-02   1.4168400e-02   1.4383400e-02   1.4664500e-02
   7.9215800e-02   4.4455800e-02   3.9105700e-02   2.6198300e-02   2.3941200e-02   2.6322300e-02   1.9065700e-02   1.5395400e-02   1.5801200e-02   1.4104200e-02   1.4495600e-02   1.5367500e-02   1.3072600e-02   1.3532800e-02   1.3812500e-02   1.2669200e-02   1.4860100e-02   1.2994900e-02   1.3619300e-02   1.4095900e-02   1.6508800e-02   1.3747500e-02   1.4910300e-02   1.4757100e-02   1.5013100e-02
   7.9687100e-02   4.4005300e-02   3.8002200e-02   2.7639600e-02   1.9787300e-02   1.8245800e-02   1.6657600e-02   1.5112500e-02   1.5149300e-02   2.1805500e-02   1.3675400e-02   1.3324200e-02   1.2978800e-02   1.3470900e-02   1.3213600e-02   1.3132300e-02   1.3969600e-02   1.3385600e-02   1.3379800e-02   1.6531400e-02   1.3576600e-02   1.4005800e-02   1.4756700e-02   1.4178900e-02   1.4731900e-02
   7.9706100e-02   4.4938000e-02   4.0256200e-02   2.4776900e-02   2.1164500e-02   1.7155600e-02   2.0147700e-02   1.6327300e-02   1.5599400e-02   1.3605600e-02   1.9804000e-02   1.4127900e-02   1.4967800e-02   1.3677300e-02   1.3338200e-02   1.3682600e-02   1.3179200e-02   1.3722100e-02   1.3619300e-02   1.3756400e-02   1.4159500e-02   1.4449600e-02   1.4173300e-02   1.4693700e-02   1.4699300e-02
   8.0108300e-02   4.3267700e-02   3.3756400e-02   2.9684400e-02   2.0496000e-02   2.1968900e-02   2.2018000e-02   1.7413600e-02   1.8053500e-02   1.6464400e-02   1.4286600e-02   1.4655700e-02   1.3670900e-02   1.5872100e-02   1.3325900e-02   1.4047500e-02   1.3175800e-02   1.3953900e-02   1.3845000e-02   1.3942600e-02   1.4550400e-02   1.4027600e-02   1.4160200e-02   1.4823200e-02   1.4985200e-02
   7.9875500e-02   4.4328000e-02   4.0404300e-02   2.6713100e-02   2.2309400e-02   2.3779100e-02   1.7120800e-02   1.5847300e-02   2.0038800e-02   1.3858800e-02   1.7760600e-02   1.4028700e-02   1.4813800e-02   1.3205900e-02   1.4729100e-02   1.2659400e-02   1.4121500e-02   1.3841700e-02   1.3277900e-02   1.3660000e-02   1.3469800e-02   1.3737200e-02   1.4678100e-02   1.4476600e-02   1.4059900e-02
   8.1770400e-02   4.4032400e-02   3.9868500e-02   3.4861800e-02   2.4187700e-02   2.2964400e-02   1.5854000e-02   1.6834700e-02   1.4954300e-02   1.5177000e-02   2.0735100e-02   1.3689000e-02   1.3793500e-02   1.3172100e-02   1.4752900e-02   1.5042400e-02   1.4406100e-02   1.5064000e-02   1.4466700e-02   1.4431100e-02   1.4675000e-02   1.4731300e-02   1.4231300e-02   1.3953900e-02   1.4450600e-02
