   7.7914474e-01   7.8530559e-01   7.9395502e-01   7.7528976e-01   7.7747651e-01   7.7658362e-01   7.8382822e-01   7.7732642e-01   7.7950086e-01   7.7926884e-01   7.8423748e-01   7.6689019e-01   7.7126528e-01   7.7825437e-01   7.6906906e-01   7.6921990e-01   7.6779052e-01   7.6709826e-01   7.7397590e-01   7.6927997e-01   7.8542924e-01   7.9026667e-01   7.7437225e-01   7.7946306e-01   7.8147166e-01
   7.1692926e-01   7.2126522e-01   7.2473167e-01   7.3307807e-01   7.4313948e-01   7.3559670e-01   7.2728313e-01   7.3583829e-01   7.4613951e-01   7.1879634e-01   7.2359091e-01   7.4397137e-01   7.4915734e-01   7.2036226e-01   7.4004692e-01   7.4195743e-01   7.2251879e-01   7.5413037e-01   7.3778151e-01   7.4270086e-01   7.3225459e-01   7.3026156e-01   7.4806502e-01   7.3684950e-01   7.4651538e-01
   7.2654131e-01   7.1915402e-01   6.9429570e-01   7.0650402e-01   7.1055250e-01   7.0227848e-01   7.1832025e-01   7.1541038e-01   7.1550106e-01   7.1802219e-01   6.8859513e-01   7.2121412e-01   7.0481628e-01   7.2611653e-01   7.1656324e-01   7.1736792e-01   7.2093732e-01   7.2048519e-01   7.1482416e-01   6.6844337e-01   7.2195542e-01   7.0508651e-01   7.3739607e-01   7.3319185e-01   7.2266218e-01
   6.6643301e-01   6.7558716e-01   6.6930150e-01   6.8281266e-01   6.6747274e-01   6.7224016e-01   6.5284741e-01   6.7570568e-01   7.0956223e-01   6.5139712e-01   6.7857492e-01   6.8389903e-01   6.9232651e-01   6.7074018e-01   6.8661361e-01   6.9883787e-01   6.8407082e-01   6.7574291e-01   6.9431790e-01   6.6549502e-01   6.7814459e-01   6.5542682e-01   6.8625885e-01   6.9437500e-01   6.6577436e-01
   7.1017907e-01   7.0929461e-01   6.9950337e-01   7.1434640e-01   7.1274901e-01   7.2170185e-01   7.1829484e-01   7.1913458e-01   7.1438737e-01   7.2494698e-01   7.4238871e-01   7.2105845e-01   7.2635169e-01   7.0211402e-01   7.2314458e-01   7.0860638e-01   7.2197732e-01   7.1463510e-01   7.0301804e-01   7.3165116e-01   7.1970098e-01   7.3979881e-01   7.4349537e-01   7.1341820e-01   6.8061645e-01
   7.1082661e-01   7.1862806e-01   7.1197396e-01   7.1760563e-01   7.1159569e-01   7.0989069e-01   7.1289533e-01   7.1244561e-01   7.0790580e-01   7.0680132e-01   7.2558041e-01   7.1492274e-01   7.0757635e-01   7.0487594e-01   7.1117465e-01   6.9430947e-01   6.9621263e-01   7.0743067e-01   7.0504921e-01   7.1625795e-01   7.2653158e-01   6.9459271e-01   7.0600460e-01   7.1925889e-01   7.0737731e-01
   7.2272807e-01   7.2886230e-01   7.1739665e-01   7.3020080e-01   7.2946001e-01   7.4089279e-01   7.4391711e-01   7.3616095e-01   7.3758241e-01   7.2971025e-01   7.5350105e-01   7.1400862e-01   7.2703952e-01   7.4610001e-01   7.2254444e-01   7.5402841e-01   7.1297286e-01   7.2638994e-01   7.2632065e-01   7.3491592e-01   7.3659182e-01   7.2674615e-01   7.3568606e-01   7.3265915e-01   7.2435176e-01
   6.9358757e-01   6.9520212e-01   6.8413786e-01   7.0246070e-01   6.9417311e-01   6.8946178e-01   7.0315232e-01   6.8750394e-01   6.9300427e-01   6.9547584e-01   6.9704821e-01   6.7592106e-01   6.4531906e-01   6.8208443e-01   6.8386680e-01   6.7442181e-01   6.6938167e-01   6.6669625e-01   6.7158585e-01   6.7796568e-01   6.8399445e-01   6.7091357e-01   6.7745921e-01   6.6449056e-01   6.6895405e-01
   7.0623368e-01   7.0364023e-01   7.0170054e-01   6.7434605e-01   6.9326074e-01   6.7813132e-01   6.7207081e-01   6.7285739e-01   6.4431408e-01   6.9896944e-01   6.9516672e-01   7.1637586e-01   6.7238935e-01   6.6988029e-01   6.9775394e-01   6.9216791e-01   6.8174307e-01   6.6898287e-01   6.7274441e-01   7.2402033e-01   7.0821830e-01   6.8309154e-01   6.7677364e-01   7.3611005e-01   6.7308614e-01
   7.1603954e-01   7.0703968e-01   7.0748404e-01   7.1216713e-01   7.0936909e-01   7.0068232e-01   7.1567123e-01   6.8307801e-01   6.7787537e-01   7.1597588e-01   6.9606228e-01   6.9843955e-01   7.2418127e-01   7.0208474e-01   7.3682299e-01   6.9671139e-01   6.9301837e-01   7.0079327e-01   7.0963187e-01   7.1039275e-01   6.9683635e-01   6.9014796e-01   7.0355337e-01   6.8071991e-01   6.9138449e-01
   7.4461307e-01   7.4364761e-01   7.4339158e-01   7.3481824e-01   7.3195278e-01   7.4035521e-01   7.3693450e-01   7.1920850e-01   7.2694856e-01   7.4148810e-01   7.3346813e-01   7.3833645e-01   7.3416093e-01   7.1586226e-01   7.4157075e-01   7.4261284e-01   7.3618149e-01   7.3930455e-01   7.2502053e-01   7.1864797e-01   7.3692318e-01   7.4677729e-01   7.4552469e-01   7.3006696e-01   7.2820786e-01
   7.5751273e-01   7.5424236e-01   7.4257053e-01   7.4419359e-01   7.4432588e-01   7.4169831e-01   7.2792562e-01   7.3259181e-01   7.1741147e-01   7.2985224e-01   7.5485020e-01   7.3100622e-01   7.2294377e-01   7.2680223e-01   7.4366603e-01   7.5086430e-01   7.4524658e-01   7.3035044e-01   7.4644047e-01   7.2742469e-01   7.2752832e-01   7.0819393e-01   7.5481992e-01   7.3856745e-01   7.3745914e-01
   7.3141952e-01   7.3995621e-01   7.3160000e-01   7.4044341e-01   7.4187989e-01   7.0804605e-01   7.3111745e-01   7.3245038e-01   7.2750173e-01   7.2796674e-01   7.3924325e-01   7.2781450e-01   7.2975328e-01   7.2103039e-01   7.3837791e-01   7.1780648e-01   7.3334131e-01   7.2831213e-01   7.2577620e-01   7.1310138e-01   7.1123385e-01   7.2955066e-01   6.9003195e-01   7.2513877e-01   7.2143038e-01
   7.0842666e-01   7.0284549e-01   6.9938184e-01   7.0604085e-01   7.0610661e-01   7.0008988e-01   7.1125074e-01   7.0116958e-01   6.9974183e-01   7.1421241e-01   7.0817222e-01   7.1021621e-01   7.0944467e-01   7.1074928e-01   7.0034245e-01   7.0175388e-01   7.1177182e-01   7.0386721e-01   6.8563195e-01   7.1259387e-01   7.0743586e-01   7.0053585e-01   7.0926777e-01   7.0965116e-01   7.0707221e-01
   7.2380228e-01   7.2587016e-01   7.2748994e-01   7.2689000e-01   7.2724343e-01   7.2913398e-01   7.2635767e-01   7.2902196e-01   7.0584826e-01   7.4188063e-01   6.9616846e-01   7.2706129e-01   7.2138642e-01   7.1397978e-01   7.2727216e-01   7.1795188e-01   7.3544488e-01   7.4176070e-01   7.3845336e-01   7.1243646e-01   7.3790515e-01   7.0900971e-01   7.2687467e-01   7.1604822e-01   7.2361855e-01
   7.3148385e-01   7.3714847e-01   7.3642333e-01   7.3486224e-01   7.1515604e-01   7.1768662e-01   7.1236879e-01   7.1690240e-01   7.2463515e-01   6.9151983e-01   7.2916101e-01   7.4357365e-01   7.2077371e-01   7.4027416e-01   7.3155022e-01   7.3035690e-01   7.2996934e-01   7.1694756e-01   7.1649736e-01   7.3176791e-01   7.4842595e-01   7.1632720e-01   6.7646874e-01   7.2748152e-01   6.9839309e-01
   7.0943738e-01   6.7917598e-01   6.8561465e-01   7.0779120e-01   7.0359928e-01   7.0248406e-01   7.1583366e-01   7.1572768e-01   6.9852122e-01   6.9316524e-01   6.7628119e-01   6.8683862e-01   7.0216547e-01   6.8061647e-01   6.8976805e-01   6.9214650e-01   6.9219467e-01   6.9476189e-01   6.8699675e-01   6.7349321e-01   6.7397954e-01   6.7769219e-01   7.0341965e-01   6.5903944e-01   6.7820320e-01
   6.6423236e-01   6.7289717e-01   6.7519942e-01   6.6757231e-01   6.4727358e-01   6.7812700e-01   6.7836149e-01   6.7159542e-01   6.7533500e-01   6.7826301e-01   6.7942010e-01   6.5953019e-01   6.7047304e-01   6.7663220e-01   6.7406354e-01   6.6704031e-01   6.7185942e-01   6.7454301e-01   6.4206140e-01   6.7711221e-01   6.6525279e-01   6.6677759e-01   6.6947753e-01   6.9113070e-01   6.7811461e-01
   7.8339280e-01   7.7901943e-01   7.7410437e-01   7.7704898e-01   7.8371556e-01   7.8920102e-01   7.9524826e-01   7.8456060e-01   7.8495279e-01   8.0042942e-01   7.8683531e-01   7.9417263e-01   7.7220088e-01   7.7829069e-01   7.7912075e-01   7.8045183e-01   7.8583678e-01   7.8190609e-01   7.7545638e-01   7.8740181e-01   7.9315255e-01   7.8214200e-01   7.8436906e-01   7.8871433e-01   7.7642908e-01
   7.3054907e-01   7.3767171e-01   7.3065349e-01   7.2474513e-01   7.1497317e-01   7.2554978e-01   7.2038937e-01   7.1588069e-01   7.4078656e-01   7.3432185e-01   7.3701670e-01   7.4764916e-01   7.1010281e-01   7.2471541e-01   7.2463327e-01   6.9894710e-01   7.1489511e-01   7.3196531e-01   7.1779293e-01   7.2319211e-01   7.2033982e-01   7.3603476e-01   7.1855571e-01   7.2711031e-01   6.8216071e-01
   7.1683847e-01   7.0855242e-01   7.1622731e-01   7.1234419e-01   6.7376440e-01   7.2938779e-01   7.3690181e-01   7.1417097e-01   7.0394416e-01   7.1636328e-01   7.2841096e-01   7.2888202e-01   7.4085921e-01   7.2681857e-01   7.2630578e-01   7.1009724e-01   7.1844556e-01   6.9787947e-01   7.4028721e-01   7.1948448e-01   7.1967739e-01   7.2506501e-01   6.8225638e-01   7.4355085e-01   7.2295683e-01
   7.3744369e-01   7.3474030e-01   7.2685758e-01   7.5056127e-01   7.3973649e-01   7.3990733e-01   7.3349317e-01   7.4504001e-01   7.4464230e-01   7.0646976e-01   7.1807108e-01   7.0584529e-01   7.4233711e-01   7.4388874e-01   7.1998601e-01   7.1566471e-01   7.2031620e-01   7.1606113e-01   7.0356834e-01   7.3765956e-01   7.4182561e-01   7.3496902e-01   7.2384906e-01   7.1188065e-01   7.0404117e-01
   7.1179911e-01   7.2195550e-01   7.2088579e-01   7.0065447e-01   7.0828139e-01   7.0556140e-01   7.1907732e-01   7.1258416e-01   7.2153438e-01   7.2306106e-01   7.3519234e-01   7.2153855e-01   7.1167750e-01   7.3057035e-01   7.2908082e-01   7.3244072e-01   7.3585992e-01   7.2821851e-01   7.3607351e-01   7.3096835e-01   7.3267439e-01   7.2820775e-01   7.2209536e-01   7.3544116e-01   7.1330806e-01
   6.5115314e-01   6.4932912e-01   5.9607815e-01   6.4259516e-01   6.1079297e-01   6.2204234e-01   6.1809089e-01   6.2111932e-01   6.4924636e-01   6.2748026e-01   6.1607451e-01   6.1713486e-01   6.3159539e-01   5.9946355e-01   6.6153227e-01   6.0911450e-01   6.3391370e-01   6.0935814e-01   6.1015807e-01   6.0195370e-01   6.3623839e-01   5.9065330e-01   6.1492357e-01   5.8834457e-01   6.1760256e-01
   7.1508512e-01   7.1890715e-01   7.1400072e-01   7.2115329e-01   7.2261382e-01   7.0659350e-01   7.3098341e-01   7.0040123e-01   7.2851785e-01   7.2825729e-01   7.2602956e-01   7.1495700e-01   7.1368217e-01   7.2650968e-01   7.2549961e-01   7.3202222e-01   7.1835334e-01   7.2099229e-01   7.1547919e-01   7.1370872e-01   7.2627862e-01   7.2293771e-01   7.3177938e-01   7.0950681e-01   7.2192926e-01
   7.5107020e-01   7.3513577e-01   7.3465537e-01   7.2304855e-01   7.3010322e-01   7.1768224e-01   7.1148445e-01   7.3643737e-01   7.1451033e-01   7.1288287e-01   7.3990171e-01   7.2086223e-01   7.2365152e-01   7.3764907e-01   7.4159047e-01   7.2342108e-01   7.1510485e-01   7.2571342e-01   7.4273325e-01   7.2479583e-01   7.3039349e-01   7.0174102e-01   7.0267032e-01   7.1549318e-01   7.2251537e-01
   7.2548050e-01   7.3609990e-01   7.3718250e-01   7.3431463e-01   7.3583130e-01   7.4064402e-01   7.4458366e-01   7.3998727e-01   6.9560526e-01   7.3192544e-01   7.4171019e-01   7.3667270e-01   7.1938992e-01   7.4674807e-01   7.4376935e-01   7.2037434e-01   7.2975815e-01   7.3325709e-01   7.2907380e-01   7.1201625e-01   7.1275635e-01   7.3977438e-01   7.2614155e-01   7.2845400e-01   7.2210146e-01
   7.3289820e-01   7.3056481e-01   7.3125219e-01   7.3078285e-01   7.3571444e-01   7.4307435e-01   7.2386915e-01   7.3452859e-01   7.3800174e-01   7.5036227e-01   7.4011356e-01   7.3218577e-01   7.3883073e-01   7.3109199e-01   7.3412802e-01   7.3300610e-01   7.5630998e-01   7.2668355e-01   7.4860920e-01   7.2477174e-01   7.2873886e-01   7.2359369e-01   7.3124637e-01   7.3161341e-01   7.0848944e-01
   6.2473342e-01   6.0523815e-01   6.0581102e-01   5.8686309e-01   6.0679672e-01   6.0566758e-01   5.8437761e-01   5.9685314e-01   5.9254574e-01   5.8790665e-01   5.9128398e-01   5.9134483e-01   6.0214098e-01   5.5155210e-01   5.9360465e-01   6.0071522e-01   5.8793604e-01   5.8817725e-01   5.8883893e-01   5.9680041e-01   5.9748763e-01   5.6569682e-01   5.9131123e-01   5.7967947e-01   5.6017093e-01
   6.7880055e-01   6.8876727e-01   6.8353007e-01   6.7611737e-01   6.8382838e-01   6.8800126e-01   7.0641285e-01   6.7966370e-01   6.6543391e-01   7.0242397e-01   6.9260868e-01   6.9059770e-01   6.8610142e-01   6.9733428e-01   6.7618054e-01   6.9101213e-01   6.5515023e-01   6.6052480e-01   6.8944158e-01   6.7832299e-01   6.7022737e-01   7.0310285e-01   6.9297052e-01   6.6482770e-01   6.6413367e-01
   7.2534374e-01   7.2472461e-01   7.3083221e-01   7.1590543e-01   7.2855943e-01   6.9393139e-01   7.0495736e-01   7.2384224e-01   7.1102900e-01   7.2906614e-01   7.0505911e-01   7.1255444e-01   7.0337190e-01   7.1930115e-01   7.2576172e-01   7.0926612e-01   6.9622662e-01   7.1680342e-01   7.1618621e-01   7.0753435e-01   7.2084034e-01   7.1911013e-01   7.0948584e-01   7.0765397e-01   6.9553669e-01
   6.9753770e-01   6.9780232e-01   7.0279859e-01   6.9172081e-01   6.9046782e-01   6.7955821e-01   6.6838717e-01   6.9347731e-01   6.7579547e-01   6.9713557e-01   6.9966847e-01   7.0643921e-01   6.8488312e-01   6.8136595e-01   6.8357434e-01   6.8647315e-01   6.9625619e-01   6.7148580e-01   6.8151305e-01   6.9196399e-01   7.0097147e-01   6.9199411e-01   6.9624142e-01   7.0044639e-01   6.8063344e-01
   7.4961547e-01   7.5630695e-01   7.4595096e-01   7.3959787e-01   7.5070068e-01   7.5027797e-01   7.4021139e-01   7.4705544e-01   7.5331625e-01   7.4481556e-01   7.3924881e-01   7.5419423e-01   7.3646540e-01   7.4116254e-01   7.4951911e-01   7.5359541e-01   7.4516781e-01   7.5344706e-01   7.5283363e-01   7.4794112e-01   7.5033182e-01   7.4102666e-01   7.4909198e-01   7.5333005e-01   7.3838371e-01
   7.2702056e-01   7.2727447e-01   7.3512976e-01   7.2588061e-01   7.3531848e-01   7.2939487e-01   7.3934282e-01   7.3349370e-01   7.4768079e-01   7.1558315e-01   7.4017364e-01   7.4087191e-01   7.5355902e-01   7.1904298e-01   7.2444282e-01   7.3787516e-01   7.1071183e-01   7.2581888e-01   7.4274239e-01   7.3499106e-01   7.2277602e-01   7.4613492e-01   7.3913593e-01   7.3528196e-01   7.3773610e-01
   7.7076119e-01   7.7305961e-01   7.6746299e-01   7.6425272e-01   7.6086492e-01   7.6776291e-01   7.6214818e-01   7.6364620e-01   7.7079004e-01   7.6208955e-01   7.6080826e-01   7.6356499e-01   7.7755851e-01   7.7655291e-01   7.6631492e-01   7.6914165e-01   7.5873468e-01   7.6895741e-01   7.6319821e-01   7.7182492e-01   7.6308303e-01   7.7379962e-01   7.7797432e-01   7.5664773e-01   7.4546142e-01
   7.3241950e-01   7.2874779e-01   7.1261131e-01   7.2227563e-01   7.1976056e-01   7.2577839e-01   7.2736800e-01   7.0868173e-01   7.2324837e-01   7.2787362e-01   6.9870676e-01   7.3254581e-01   7.2206482e-01   7.1203306e-01   7.1242182e-01   7.3927801e-01   7.2320582e-01   6.9892257e-01   7.2948701e-01   7.2667451e-01   6.9697054e-01   7.0633872e-01   7.1617140e-01   7.1156319e-01   7.2072552e-01
   6.3803699e-01   6.5071733e-01   6.4618628e-01   6.4370129e-01   6.3184975e-01   6.5097788e-01   6.4222442e-01   6.2570697e-01   6.3931803e-01   6.2392778e-01   6.3317289e-01   6.2106118e-01   6.1792460e-01   6.1618544e-01   6.4843100e-01   6.3168356e-01   6.2122775e-01   6.5160891e-01   6.3578416e-01   6.3771785e-01   6.5817546e-01   6.3940022e-01   6.5189642e-01   6.4018815e-01   6.6508223e-01
   7.3086133e-01   7.3368135e-01   7.3623060e-01   7.3764295e-01   7.3676882e-01   7.4818281e-01   7.3098108e-01   7.1702224e-01   7.3930527e-01   7.3001254e-01   7.4910021e-01   7.4650176e-01   7.2889008e-01   7.2361682e-01   7.2347896e-01   7.1960036e-01   7.2697049e-01   6.9817734e-01   7.3627593e-01   7.2061853e-01   7.3355242e-01   7.1796826e-01   7.1025056e-01   7.0622907e-01   7.1805913e-01
   7.2754777e-01   7.3349643e-01   7.3244771e-01   7.1861361e-01   7.3284486e-01   7.2866976e-01   7.2832494e-01   7.2642268e-01   7.2575476e-01   7.4145104e-01   7.2522059e-01   7.3502959e-01   7.3362660e-01   7.2891443e-01   7.3988401e-01   7.1480073e-01   7.2423079e-01   7.3211046e-01   7.4551159e-01   7.2805971e-01   7.4552289e-01   7.3096346e-01   7.3070910e-01   7.2249915e-01   7.2351473e-01
   6.2529783e-01   6.3213248e-01   6.2629895e-01   6.3184947e-01   6.3557237e-01   6.5159035e-01   6.5795805e-01   6.2422199e-01   6.4078532e-01   6.5305432e-01   6.4043917e-01   6.4354194e-01   6.3758679e-01   6.4899126e-01   6.2722918e-01   6.0260228e-01   6.0650754e-01   6.3342400e-01   6.3103583e-01   6.3383302e-01   6.5690359e-01   6.1484405e-01   6.6262385e-01   6.5203241e-01   6.0792326e-01
   6.8747291e-01   6.8206659e-01   6.6436159e-01   6.4933937e-01   6.9142755e-01   6.7646034e-01   6.6413662e-01   6.8587045e-01   6.5777708e-01   6.6720391e-01   6.5725322e-01   6.9758030e-01   6.7147873e-01   6.6083848e-01   6.7195466e-01   6.5372116e-01   6.5591772e-01   6.8062215e-01   6.6666152e-01   6.7691215e-01   6.7276277e-01   6.8189348e-01   6.9278538e-01   6.6587693e-01   6.8560582e-01
   6.9759999e-01   7.0656642e-01   7.1296023e-01   7.0909699e-01   7.0864308e-01   7.0087343e-01   6.9446300e-01   6.7394682e-01   6.8361833e-01   6.9732130e-01   6.7978432e-01   6.8239421e-01   6.9576644e-01   6.8803673e-01   6.9241382e-01   6.7922662e-01   6.6500311e-01   6.9908459e-01   7.1811570e-01   6.9069373e-01   6.9168593e-01   6.8041325e-01   6.9818301e-01   6.5073306e-01   7.0306148e-01
   6.8686915e-01   6.7931715e-01   6.7994494e-01   6.6739008e-01   6.7797538e-01   6.6686985e-01   6.7533733e-01   6.7701735e-01   6.8112962e-01   6.6329576e-01   6.7545419e-01   6.7720968e-01   6.6194228e-01   6.5403182e-01   6.8137989e-01   6.4532864e-01   6.8116514e-01   6.7585989e-01   6.4549913e-01   6.3342962e-01   6.4837432e-01   6.7814172e-01   6.4962268e-01   6.8018781e-01   6.2932618e-01
   6.2429009e-01   6.2606703e-01   6.3274961e-01   6.6108584e-01   6.6624289e-01   6.5068648e-01   6.6385511e-01   6.8616778e-01   6.8507648e-01   6.8948535e-01   6.6274182e-01   6.7564332e-01   6.9289878e-01   6.8380853e-01   6.5152671e-01   6.8111341e-01   6.2049490e-01   6.2879884e-01   6.8570034e-01   6.2113104e-01   6.7966049e-01   6.7335169e-01   6.9259989e-01   6.9910476e-01   6.5799804e-01
   6.6735174e-01   6.5645605e-01   6.5747889e-01   6.5361384e-01   6.7608621e-01   6.4943360e-01   6.5883119e-01   6.6248547e-01   6.6140893e-01   6.6527709e-01   6.5449575e-01   6.6410824e-01   6.4826929e-01   6.6934870e-01   6.6783021e-01   6.4016503e-01   6.4830626e-01   6.5950464e-01   6.4916373e-01   6.5521637e-01   6.5311989e-01   6.4080581e-01   6.5002659e-01   6.3056713e-01   6.4406008e-01
   7.6174488e-01   7.6347238e-01   7.6352242e-01   7.5967448e-01   7.6018275e-01   7.6187921e-01   7.3948153e-01   7.4752359e-01   7.5083310e-01   7.5299322e-01   7.7566461e-01   7.5407942e-01   7.3057050e-01   7.5387611e-01   7.5386853e-01   7.5362010e-01   7.5387215e-01   7.5293713e-01   7.2814376e-01   7.5943718e-01   7.5639202e-01   7.4788124e-01   7.1949928e-01   7.5054568e-01   7.4540523e-01
   7.3276563e-01   7.3261149e-01   7.2811518e-01   7.3216019e-01   7.4065629e-01   7.4137016e-01   7.1872314e-01   7.3389447e-01   7.4450467e-01   7.2829065e-01   7.3224063e-01   7.3225609e-01   7.4064255e-01   7.2347302e-01   7.1608144e-01   7.2711561e-01   7.1325443e-01   7.3146257e-01   7.2506967e-01   7.3173835e-01   7.1848566e-01   7.1473330e-01   7.1787872e-01   7.2676567e-01   7.2581028e-01
   7.4127182e-01   7.3915299e-01   7.5006516e-01   7.3551528e-01   7.4442762e-01   7.3465339e-01   7.4150149e-01   7.3631878e-01   7.3578589e-01   7.4241827e-01   7.4269406e-01   7.3398436e-01   7.1984460e-01   7.4042772e-01   7.3178595e-01   7.4857280e-01   7.5594064e-01   7.3374485e-01   7.2902288e-01   7.2342959e-01   7.2796497e-01   7.3465146e-01   7.3772678e-01   7.2887846e-01   7.3595958e-01
   7.1859159e-01   7.2099138e-01   7.0659914e-01   7.1062955e-01   7.0547275e-01   7.1259033e-01   6.8430772e-01   6.8548624e-01   6.9816681e-01   7.0048390e-01   6.8298442e-01   6.9857400e-01   6.8049501e-01   6.9845901e-01   6.7861986e-01   6.8519893e-01   6.8905850e-01   6.7705307e-01   7.1980062e-01   6.8425552e-01   6.7564807e-01   6.9492679e-01   6.9550882e-01   6.8383725e-01   7.1348696e-01
   6.7495448e-01   6.8279134e-01   6.8070016e-01   6.6787198e-01   6.6996724e-01   6.6590716e-01   6.6861012e-01   6.7285134e-01   6.4811506e-01   6.7295576e-01   6.6290781e-01   6.6197038e-01   6.5806295e-01   6.4422783e-01   6.4870730e-01   6.5491185e-01   6.3531588e-01   6.3801657e-01   6.6522220e-01   6.5665446e-01   6.4556103e-01   6.8520789e-01   6.9701908e-01   6.6978552e-01   6.1967508e-01
   7.2198183e-01   7.2506321e-01   7.1768577e-01   7.2641327e-01   7.1608862e-01   7.2070672e-01   7.1468222e-01   7.0873544e-01   7.1147685e-01   7.2509605e-01   7.2169450e-01   7.1089428e-01   6.9804946e-01   7.1532368e-01   7.1205149e-01   7.2615689e-01   7.0945091e-01   7.0496854e-01   7.1548260e-01   7.2161869e-01   6.9074419e-01   7.0015983e-01   7.3318579e-01   7.1313037e-01   6.7913567e-01
   6.9697653e-01   7.0822774e-01   7.2230081e-01   7.1430216e-01   7.3144921e-01   7.3033964e-01   7.2548807e-01   7.2306938e-01   7.2159613e-01   7.3081625e-01   7.3978084e-01   7.3155130e-01   7.2043604e-01   7.1823608e-01   7.2454897e-01   7.3008508e-01   7.2471947e-01   7.2558937e-01   7.2573928e-01   7.2061165e-01   7.3317024e-01   7.2180937e-01   7.3033289e-01   7.1633318e-01   7.3285855e-01
   7.0556463e-01   7.0441008e-01   7.0581868e-01   7.0120449e-01   6.9841229e-01   6.9802267e-01   6.9731469e-01   7.0930527e-01   6.8306229e-01   6.8253793e-01   6.8565975e-01   7.0850711e-01   6.8974992e-01   6.9807846e-01   7.2028736e-01   7.0794605e-01   6.9954757e-01   6.5293571e-01   7.1216597e-01   6.8679348e-01   7.0599740e-01   7.1664646e-01   6.8816405e-01   6.9068575e-01   7.1132545e-01
   6.9820259e-01   6.8824993e-01   6.9121322e-01   6.7465714e-01   6.8822686e-01   6.9742411e-01   6.8095423e-01   6.8114629e-01   6.9124488e-01   6.8230975e-01   6.7087780e-01   6.7313725e-01   6.6503840e-01   6.7728643e-01   6.8842798e-01   6.9076183e-01   6.6710573e-01   6.7258952e-01   6.6369826e-01   6.6099153e-01   6.9118821e-01   6.9030659e-01   6.7239807e-01   6.7820999e-01   6.5811088e-01
   7.1400434e-01   7.0808729e-01   6.8358336e-01   7.0147630e-01   7.1075937e-01   7.1967534e-01   6.8159269e-01   7.1961676e-01   7.1298689e-01   7.0988320e-01   6.9183131e-01   7.1933415e-01   6.9529711e-01   6.6151140e-01   7.0424461e-01   6.9885135e-01   7.1018358e-01   6.6749985e-01   6.9286713e-01   7.2012032e-01   7.1289906e-01   7.0407664e-01   6.8947156e-01   7.0902408e-01   7.0376724e-01
   6.7450997e-01   6.8437538e-01   6.8766370e-01   6.9321438e-01   6.6323411e-01   6.8996585e-01   6.8567772e-01   6.6724269e-01   6.7806036e-01   6.9643132e-01   6.7755462e-01   6.8300453e-01   6.7995205e-01   7.0233218e-01   6.8789985e-01   6.6054883e-01   6.7750532e-01   6.6518292e-01   6.7771468e-01   6.4606359e-01   6.4692290e-01   6.8823228e-01   6.9134194e-01   6.7356374e-01   6.7136240e-01
   6.9347405e-01   7.0287851e-01   7.1114930e-01   6.8668274e-01   6.9236431e-01   7.3177735e-01   7.2774782e-01   7.2798012e-01   6.9764880e-01   7.3175142e-01   7.2834940e-01   6.9883825e-01   7.1416548e-01   7.0328313e-01   7.1585055e-01   6.8755758e-01   7.1471081e-01   7.3149678e-01   6.9560110e-01   6.9574512e-01   7.2437752e-01   7.0975128e-01   7.2430149e-01   7.1752927e-01   7.0773902e-01
   7.1519620e-01   7.2147622e-01   7.2316886e-01   7.2262522e-01   7.3142362e-01   7.2608940e-01   7.3022792e-01   7.2613850e-01   7.1637922e-01   7.2241066e-01   7.2672144e-01   7.3912045e-01   7.3796406e-01   7.1169646e-01   7.2900008e-01   7.2818093e-01   7.2914414e-01   7.2069819e-01   7.4746571e-01   7.3219051e-01   7.3316238e-01   7.2519768e-01   7.1791087e-01   7.3181330e-01   7.3783854e-01
   7.2628815e-01   7.2736324e-01   7.1961497e-01   7.2180126e-01   7.2660207e-01   7.2165717e-01   7.2843455e-01   7.1198189e-01   7.1531733e-01   7.1555097e-01   6.9414263e-01   6.9134142e-01   7.0355766e-01   7.3338447e-01   7.1576187e-01   7.2778664e-01   7.1120802e-01   7.0542062e-01   7.3286933e-01   7.2249459e-01   7.3702079e-01   7.2293768e-01   6.9911213e-01   7.1249714e-01   7.0108835e-01
   7.1044986e-01   7.0789636e-01   7.0286476e-01   7.0558786e-01   7.0574526e-01   7.0710217e-01   7.0326925e-01   6.9893300e-01   6.9780860e-01   6.9467913e-01   6.9909056e-01   7.1351274e-01   7.0567083e-01   7.0440131e-01   7.0133798e-01   6.9604504e-01   7.0086548e-01   6.7613124e-01   6.9543321e-01   6.9329214e-01   7.0295549e-01   6.7032050e-01   7.1321104e-01   6.6336147e-01   7.0901202e-01
   7.5225875e-01   7.4946316e-01   7.2684613e-01   7.3269791e-01   7.3373768e-01   7.3459227e-01   7.3921715e-01   7.3535626e-01   7.2440585e-01   7.2129711e-01   7.2804582e-01   7.2211968e-01   7.1257514e-01   7.2325403e-01   7.3418897e-01   7.2363996e-01   7.2083280e-01   7.1558792e-01   7.0454543e-01   7.0921604e-01   7.2376785e-01   7.0845655e-01   7.0017860e-01   7.1487466e-01   7.1172677e-01
   7.1033083e-01   7.1181903e-01   7.0754867e-01   7.0675242e-01   7.1094820e-01   7.0614470e-01   6.9456128e-01   7.2182114e-01   6.7326974e-01   7.1091131e-01   7.0580369e-01   6.9823670e-01   6.9546283e-01   6.8828866e-01   6.9741150e-01   6.8650164e-01   6.7966590e-01   6.6370848e-01   6.9464691e-01   6.7531669e-01   6.9130702e-01   6.8839636e-01   7.0355172e-01   6.9740916e-01   7.0625747e-01
   6.9454922e-01   6.9725288e-01   6.9223179e-01   6.9791320e-01   6.9648912e-01   6.9665083e-01   6.9427942e-01   6.9400730e-01   6.9460599e-01   6.8818726e-01   6.9321300e-01   7.0323998e-01   7.0175733e-01   6.9157151e-01   6.6662042e-01   6.8972236e-01   6.9482440e-01   6.8672858e-01   7.0041896e-01   6.8872116e-01   6.9927414e-01   6.7453554e-01   7.0519540e-01   6.7989239e-01   6.6026711e-01
   6.9965080e-01   6.8969295e-01   6.7045694e-01   6.7317103e-01   6.9459490e-01   6.9806457e-01   6.8263496e-01   6.9140567e-01   6.8360664e-01   6.6915691e-01   6.6114847e-01   6.9607767e-01   7.2285393e-01   6.5837416e-01   7.0269103e-01   6.8355220e-01   6.7547873e-01   6.8337359e-01   6.6247284e-01   6.9743987e-01   6.5900988e-01   6.9457742e-01   6.6097766e-01   6.7293781e-01   6.8413144e-01
   6.7795220e-01   6.9566388e-01   6.9833398e-01   7.0135428e-01   7.0695918e-01   7.0528075e-01   7.1088349e-01   7.0082221e-01   7.1014254e-01   7.1039441e-01   7.1736827e-01   7.0114789e-01   7.1443507e-01   7.0651991e-01   7.0459250e-01   7.1249831e-01   7.1055291e-01   7.0740443e-01   6.9562099e-01   7.0331816e-01   6.9272978e-01   7.0369438e-01   7.0618288e-01   6.8640018e-01   6.9487973e-01
   7.1023561e-01   7.2094992e-01   6.9779110e-01   7.0338990e-01   7.1822730e-01   7.0197056e-01   7.1200118e-01   7.0696523e-01   7.0711352e-01   6.9676551e-01   7.0580475e-01   7.1569811e-01   6.8529640e-01   7.0478282e-01   7.0581922e-01   7.0608186e-01   7.0079909e-01   6.8769990e-01   7.0630459e-01   7.1372631e-01   6.8826825e-01   6.9237360e-01   7.0037480e-01   7.0261408e-01   7.1103706e-01
   6.8200390e-01   6.7037500e-01   6.4249934e-01   6.6622448e-01   6.5382835e-01   6.5515703e-01   6.7167600e-01   6.3052493e-01   6.3307901e-01   6.5454021e-01   6.4301178e-01   6.5287957e-01   6.5654193e-01   6.2637298e-01   6.3378163e-01   6.2539274e-01   6.6427881e-01   6.6104736e-01   6.7131420e-01   6.7015137e-01   6.5765141e-01   6.5943786e-01   6.4475047e-01   6.6018562e-01   6.7672258e-01
   7.0665810e-01   7.2129988e-01   7.1696382e-01   7.3611775e-01   7.3576097e-01   7.3403026e-01   7.3699358e-01   7.4526631e-01   7.2990760e-01   7.4521595e-01   7.4308052e-01   7.4343648e-01   7.4710823e-01   7.3033909e-01   7.5996423e-01   7.5189049e-01   7.6066433e-01   7.4422333e-01   7.4639750e-01   7.2251421e-01   7.3976007e-01   7.3623473e-01   7.4720417e-01   7.4567434e-01   7.3942236e-01
   7.2928919e-01   7.3313892e-01   7.3008221e-01   7.2655380e-01   7.3690218e-01   7.3909508e-01   7.3844505e-01   7.4081108e-01   7.4064130e-01   7.2601976e-01   7.3859427e-01   7.2321556e-01   7.3098275e-01   7.2915857e-01   7.1860514e-01   7.2585174e-01   7.2930436e-01   7.3334496e-01   7.1930707e-01   7.1862435e-01   7.0887558e-01   7.4002932e-01   7.1092362e-01   7.5332325e-01   7.0776439e-01
   7.4973564e-01   7.5438301e-01   7.5059406e-01   7.5738790e-01   7.6314795e-01   7.4847604e-01   7.6344827e-01   7.5458480e-01   7.3599160e-01   7.5848233e-01   7.5171276e-01   7.6541692e-01   7.3533511e-01   7.4449381e-01   7.3327144e-01   7.5349959e-01   7.4999531e-01   7.2814093e-01   7.4631910e-01   7.2039573e-01   7.3891118e-01   7.3302327e-01   7.5150373e-01   7.2700175e-01   7.4138982e-01
   7.5296811e-01   7.5573590e-01   7.6664311e-01   7.7140772e-01   7.5771699e-01   7.6674891e-01   7.6290899e-01   7.6854805e-01   7.6443315e-01   7.4986168e-01   7.4331049e-01   7.6579450e-01   7.5497379e-01   7.6006629e-01   7.6228142e-01   7.6062843e-01   7.6392388e-01   7.5988955e-01   7.6582775e-01   7.4585513e-01   7.6568122e-01   7.5007861e-01   7.3678332e-01   7.3587754e-01   7.5400837e-01
   7.2708980e-01   7.2014714e-01   7.2507124e-01   7.2439179e-01   7.2923375e-01   7.1334503e-01   7.1456006e-01   7.3705384e-01   7.3362252e-01   7.2400498e-01   7.3921626e-01   7.1781510e-01   7.2386658e-01   7.2888119e-01   7.3726312e-01   7.0968911e-01   7.2405964e-01   7.1904842e-01   7.2405049e-01   7.4047701e-01   7.2531870e-01   7.0461318e-01   7.2560492e-01   7.2592482e-01   7.0900934e-01
   7.1809596e-01   7.0981866e-01   6.8805312e-01   6.9696743e-01   6.8344291e-01   6.6500558e-01   6.9543727e-01   7.0113328e-01   6.9266563e-01   7.1052172e-01   6.8903387e-01   6.8420716e-01   6.8160973e-01   6.9076847e-01   6.7844827e-01   6.5481364e-01   6.3051875e-01   6.9437526e-01   7.1336386e-01   6.7471660e-01   6.6730644e-01   7.0313716e-01   6.7924145e-01   6.8974266e-01   6.7691998e-01
   7.6446685e-01   7.6800868e-01   7.6708183e-01   7.5958871e-01   7.6720617e-01   7.5869221e-01   7.6180104e-01   7.7842591e-01   7.7978834e-01   7.6663712e-01   7.6354827e-01   7.7379601e-01   7.6436721e-01   7.6565862e-01   7.7195030e-01   7.4429118e-01   7.6753774e-01   7.6499941e-01   7.5900725e-01   7.6507310e-01   7.5866405e-01   7.5678976e-01   7.6476024e-01   7.6073845e-01   7.6208334e-01
   6.4405092e-01   6.5046456e-01   6.3340175e-01   6.5141123e-01   6.3771096e-01   6.4799970e-01   6.3952430e-01   6.4141558e-01   6.4482249e-01   6.1548273e-01   6.4081049e-01   6.2115940e-01   6.5376755e-01   6.4289087e-01   6.4877546e-01   6.3993750e-01   6.4150538e-01   6.7458440e-01   6.5073756e-01   6.5120414e-01   6.3434405e-01   6.3575299e-01   6.5667883e-01   6.5980921e-01   6.5198359e-01
   6.7441485e-01   6.7289272e-01   6.7041783e-01   6.6731833e-01   6.7918270e-01   6.9966199e-01   6.9101078e-01   6.6995317e-01   6.7384328e-01   6.9514801e-01   6.8504263e-01   6.9845887e-01   6.7442756e-01   6.5735577e-01   6.8300346e-01   6.8018941e-01   6.8339089e-01   6.7080009e-01   6.4746039e-01   6.3745743e-01   6.4308877e-01   6.8886545e-01   6.9358212e-01   6.7560017e-01   6.8026007e-01
   7.2835406e-01   7.3059856e-01   7.2945151e-01   7.2888994e-01   7.2950042e-01   7.2635923e-01   7.1438741e-01   7.2233357e-01   7.2465127e-01   7.1822340e-01   7.2282512e-01   7.3177803e-01   7.0961360e-01   7.2337588e-01   7.1679902e-01   7.1242828e-01   7.1992110e-01   7.1243707e-01   7.2410322e-01   7.1822539e-01   7.0975803e-01   7.1189955e-01   7.2004396e-01   7.2166884e-01   7.1833357e-01
   7.0760973e-01   7.0945091e-01   7.1659667e-01   6.9441825e-01   6.9520458e-01   7.0384783e-01   6.9808025e-01   7.1035942e-01   6.9141418e-01   6.9897275e-01   7.2136815e-01   7.1339081e-01   7.1736790e-01   7.1385084e-01   7.2383029e-01   7.1372869e-01   7.2943683e-01   7.0763977e-01   7.2674936e-01   7.1679199e-01   7.2761404e-01   7.0686577e-01   7.0381662e-01   7.2388826e-01   7.3989432e-01
   6.7018930e-01   6.5949264e-01   6.6332192e-01   6.5421774e-01   6.6221519e-01   6.2596417e-01   6.5315374e-01   6.7310796e-01   6.5979747e-01   6.3175418e-01   6.4787604e-01   6.8036891e-01   6.6147946e-01   6.8451569e-01   6.3601410e-01   6.6669626e-01   6.6355133e-01   6.4882925e-01   6.5381871e-01   6.6599177e-01   6.3809850e-01   6.4935054e-01   6.8194680e-01   6.4750151e-01   6.4383660e-01
   6.9935725e-01   6.9283190e-01   6.9619020e-01   6.9362903e-01   6.9691290e-01   6.9577660e-01   6.9082614e-01   6.9071325e-01   6.8536387e-01   6.9021553e-01   6.8871276e-01   6.7822507e-01   6.8882128e-01   6.9456211e-01   6.8822305e-01   6.8872714e-01   6.8131042e-01   6.9856859e-01   6.8818320e-01   6.9263599e-01   6.8493989e-01   6.8484801e-01   6.9506217e-01   6.8989166e-01   7.0020524e-01
   7.0336768e-01   7.0856156e-01   7.0144609e-01   7.0849941e-01   7.0729383e-01   6.9769288e-01   7.2415648e-01   7.1310493e-01   7.0204984e-01   7.0394958e-01   6.9430849e-01   6.8644324e-01   7.2409005e-01   6.9752943e-01   7.1097975e-01   7.1096995e-01   6.9706166e-01   7.0135505e-01   6.9066345e-01   7.1215554e-01   6.5471620e-01   6.7118058e-01   6.9980738e-01   6.9268617e-01   6.9774151e-01
   7.2166036e-01   7.2364760e-01   7.1743661e-01   7.0409125e-01   7.1082980e-01   7.0627559e-01   7.1334887e-01   7.1529477e-01   7.2610126e-01   7.0921129e-01   7.2073118e-01   7.1515655e-01   7.0352395e-01   7.0374437e-01   7.2219838e-01   6.9770231e-01   7.0800366e-01   7.0649186e-01   7.5221511e-01   6.9565249e-01   7.3356627e-01   7.2855735e-01   7.4519058e-01   6.9386632e-01   7.0643786e-01
   7.0180253e-01   6.9886609e-01   6.7977384e-01   6.6733582e-01   7.0452421e-01   6.9220927e-01   6.9151867e-01   6.6576755e-01   6.6615847e-01   7.0929121e-01   7.0015687e-01   7.0887294e-01   6.6562767e-01   6.9327010e-01   6.9006148e-01   6.8043586e-01   6.7746805e-01   6.8977297e-01   6.7783191e-01   7.0150707e-01   6.8480986e-01   6.9259255e-01   6.8493777e-01   6.8836802e-01   6.8883408e-01
   6.6232276e-01   6.6329661e-01   6.5499389e-01   6.6467182e-01   6.6893251e-01   6.6388666e-01   6.7241101e-01   6.6151153e-01   6.5695286e-01   6.6528723e-01   6.8304137e-01   6.7841952e-01   6.5833616e-01   6.7540620e-01   6.5461472e-01   6.5650681e-01   6.6057206e-01   6.5703413e-01   6.4832982e-01   6.2957523e-01   6.4334045e-01   6.4317712e-01   6.5962070e-01   6.5020705e-01   6.6267058e-01
   7.3758248e-01   7.3531463e-01   7.3129386e-01   7.3828066e-01   7.4033046e-01   7.4323849e-01   7.5126299e-01   7.5384083e-01   7.4715691e-01   7.6286974e-01   7.5306071e-01   7.4856654e-01   7.5836424e-01   7.5207222e-01   7.4330799e-01   7.5875094e-01   7.3783059e-01   7.4267743e-01   7.5854451e-01   7.5727265e-01   7.4498855e-01   7.6556652e-01   7.4707528e-01   7.5931387e-01   7.4424952e-01
   7.5753970e-01   7.5981498e-01   7.5819786e-01   7.5661075e-01   7.4952039e-01   7.5178169e-01   7.5625424e-01   7.5904650e-01   7.5576171e-01   7.6469390e-01   7.6286457e-01   7.5559016e-01   7.6030737e-01   7.4667091e-01   7.5027686e-01   7.2637485e-01   7.5410052e-01   7.5482361e-01   7.6080554e-01   7.4885465e-01   7.5678173e-01   7.4983333e-01   7.4268712e-01   7.4859111e-01   7.4978680e-01
   7.3565489e-01   7.3471600e-01   7.0634167e-01   7.2104260e-01   7.2420668e-01   7.2134535e-01   7.3003181e-01   7.2945779e-01   7.2490802e-01   7.1493416e-01   7.2009493e-01   7.1861638e-01   7.1633393e-01   6.8154840e-01   7.1621765e-01   7.1833223e-01   7.2096289e-01   7.2912434e-01   7.1730114e-01   7.0768952e-01   6.9965041e-01   7.0648889e-01   7.0172834e-01   7.0821467e-01   7.0954019e-01
   7.4623138e-01   7.3904723e-01   7.3302210e-01   7.2488049e-01   7.4365365e-01   7.3093129e-01   7.4361680e-01   7.2483495e-01   7.3733158e-01   7.2049059e-01   7.4218289e-01   7.4004265e-01   7.4902126e-01   7.2033465e-01   7.4183200e-01   7.5016520e-01   7.3363794e-01   7.3793333e-01   7.4675609e-01   7.4320658e-01   7.4641164e-01   7.4257020e-01   7.3781987e-01   7.3956454e-01   7.1633154e-01
   7.0331526e-01   7.0102498e-01   6.9368656e-01   7.0032692e-01   7.0115156e-01   7.1240060e-01   6.9899035e-01   7.0402171e-01   7.0333254e-01   7.0818188e-01   7.0329777e-01   7.0316863e-01   6.8150272e-01   7.0507161e-01   7.0195778e-01   7.1837101e-01   6.9152939e-01   7.0694909e-01   7.1605097e-01   6.9268646e-01   7.0527022e-01   6.8256796e-01   7.0468445e-01   6.9470598e-01   7.0669512e-01
   6.7371550e-01   6.6782783e-01   6.7256986e-01   6.8459376e-01   6.5876731e-01   6.7686319e-01   6.7857535e-01   6.7634750e-01   6.3078273e-01   6.8254339e-01   6.5657208e-01   6.6868907e-01   7.1078247e-01   6.8720185e-01   6.8577403e-01   6.5548966e-01   6.9059857e-01   6.8481896e-01   6.5092617e-01   6.1415166e-01   6.5602737e-01   6.7410040e-01   6.9458675e-01   6.8233481e-01   6.3049790e-01
   7.7080899e-01   7.7208404e-01   7.7097896e-01   7.6491595e-01   7.6241656e-01   7.6951070e-01   7.6241412e-01   7.6785666e-01   7.7531341e-01   7.7177568e-01   7.7097224e-01   7.6991238e-01   7.6549981e-01   7.6790568e-01   7.6892156e-01   7.6410353e-01   7.5435389e-01   7.4908499e-01   7.6081470e-01   7.5125221e-01   7.6623725e-01   7.5100957e-01   7.6581887e-01   7.6026904e-01   7.4858149e-01
   7.3426037e-01   7.3132942e-01   7.2837423e-01   7.3063021e-01   7.3534532e-01   7.3023111e-01   7.2833681e-01   7.2590140e-01   7.3257861e-01   7.2087709e-01   7.1533156e-01   7.2975453e-01   7.3025529e-01   7.0648011e-01   7.2654130e-01   7.3114114e-01   7.1814020e-01   7.2187664e-01   7.2534873e-01   7.1221972e-01   7.2538766e-01   7.1009706e-01   7.1154600e-01   7.2890764e-01   7.2863594e-01
   7.0307527e-01   7.0367467e-01   7.2154668e-01   6.9228374e-01   7.1004760e-01   7.2508362e-01   6.9475247e-01   7.1399686e-01   7.2308155e-01   7.1647044e-01   6.8358510e-01   7.1308636e-01   6.7144713e-01   7.0214039e-01   7.1384241e-01   7.0445413e-01   7.0755482e-01   6.7957956e-01   6.6921938e-01   6.9660123e-01   7.0758040e-01   6.9675485e-01   7.2826327e-01   7.0047831e-01   7.2597737e-01
   7.3917329e-01   7.4270654e-01   7.4309865e-01   7.5322228e-01   7.3962040e-01   7.4682945e-01   7.4585672e-01   7.3908581e-01   7.5274001e-01   7.4659222e-01   7.3039183e-01   7.4369956e-01   7.4536731e-01   7.5008870e-01   7.5883802e-01   7.2384458e-01   7.4121016e-01   7.4457070e-01   7.4195116e-01   7.3538459e-01   7.3935106e-01   7.3305314e-01   7.2931671e-01   7.4701514e-01   7.4141159e-01
   7.6570912e-01   7.6040094e-01   7.6912369e-01   7.6407806e-01   7.6270024e-01   7.7000643e-01   7.7552106e-01   7.6108471e-01   7.6019682e-01   7.6350356e-01   7.5420065e-01   7.6836587e-01   7.5786093e-01   7.5912957e-01   7.5620634e-01   7.2742921e-01   7.6223439e-01   7.5496416e-01   7.5837695e-01   7.5151970e-01   7.2339124e-01   7.3829560e-01   7.6623560e-01   7.5614015e-01   7.6015849e-01
   7.3209921e-01   7.3157618e-01   7.3121394e-01   7.2989548e-01   7.3444793e-01   7.2291711e-01   7.3674566e-01   7.3338077e-01   7.2705912e-01   7.3610115e-01   7.3003398e-01   7.3101406e-01   7.3564536e-01   7.2664997e-01   7.2562386e-01   7.2559072e-01   7.2493617e-01   6.9587638e-01   7.2678295e-01   7.3901131e-01   7.3433580e-01   7.1778295e-01   7.2322745e-01   7.2659994e-01   7.3790082e-01
   6.5560411e-01   6.5490645e-01   6.6060005e-01   6.6520856e-01   6.4648737e-01   6.5616177e-01   6.6857014e-01   6.4636887e-01   6.6235180e-01   6.6017012e-01   6.7060844e-01   6.5411709e-01   6.5823873e-01   6.5967519e-01   6.8004161e-01   6.6449646e-01   6.5536176e-01   6.3827193e-01   6.6047991e-01   6.7898383e-01   6.5851798e-01   6.4459323e-01   6.3754896e-01   6.5451345e-01   6.4683202e-01
   7.4974820e-01   7.4702022e-01   7.4594603e-01   7.5145906e-01   7.5320496e-01   7.5522948e-01   7.5439466e-01   7.4661468e-01   7.5457533e-01   7.5393304e-01   7.4577519e-01   7.5930935e-01   7.5111496e-01   7.5339179e-01   7.4609490e-01   7.3408905e-01   7.5731390e-01   7.4483902e-01   6.9338179e-01   7.1671821e-01   7.5323753e-01   7.4910806e-01   7.3765015e-01   7.1865698e-01   7.3904356e-01
   6.8774291e-01   6.8558879e-01   6.8614883e-01   6.8585158e-01   6.8747689e-01   6.9400339e-01   6.8770208e-01   6.8289256e-01   6.9900522e-01   6.8463630e-01   6.9367526e-01   6.8298463e-01   6.8274562e-01   6.8849589e-01   6.8803793e-01   6.9040948e-01   6.7594368e-01   7.0091277e-01   6.6624787e-01   6.9587281e-01   6.9175436e-01   6.5381613e-01   6.9147973e-01   6.8969688e-01   6.5232126e-01
   6.4328405e-01   6.6691025e-01   6.6469253e-01   6.5931197e-01   6.5624390e-01   6.4656081e-01   6.6234530e-01   6.6727239e-01   6.7946315e-01   6.7336387e-01   6.5753640e-01   6.6626360e-01   6.6011815e-01   6.6457553e-01   6.8968261e-01   6.7096296e-01   6.6517559e-01   6.5890571e-01   6.2528713e-01   6.4650295e-01   6.6271022e-01   6.2406709e-01   6.2903443e-01   6.4055450e-01   6.1343285e-01
