   7.9066300e-02   4.4121100e-02   3.0680500e-02   2.4507500e-02   2.1254200e-02   1.8212800e-02   1.7021000e-02   1.8198200e-02   1.6134000e-02   1.4679200e-02   1.6240500e-02   1.3165400e-02   1.4182300e-02   1.4157200e-02   1.3901200e-02   1.4296300e-02   1.5528500e-02   1.4116800e-02   1.3692700e-02   1.5284700e-02   1.3841400e-02   1.3299200e-02   1.3894500e-02   1.5478800e-02   1.4741500e-02
   7.8391900e-02   4.3316700e-02   3.3416900e-02   2.4643200e-02   2.0452900e-02   2.2325200e-02   1.9330300e-02   1.8021000e-02   1.6383500e-02   1.3458100e-02   1.3700700e-02   1.3917500e-02   1.3230300e-02   1.3252300e-02   1.3324300e-02   1.3754100e-02   1.4617200e-02   1.4762400e-02   1.4569600e-02   1.3981900e-02   1.6753600e-02   1.4124000e-02   1.3697500e-02   1.4761500e-02   1.4050500e-02
   7.9570500e-02   4.3104800e-02   2.9945200e-02   2.3534500e-02   2.0357200e-02   1.9687400e-02   1.7686100e-02   1.6851900e-02   1.4527100e-02   1.5518400e-02   1.3020000e-02   1.3623000e-02   1.3459500e-02   1.4166600e-02   1.3531500e-02   1.2751700e-02   1.3175600e-02   1.4014100e-02   1.3985100e-02   1.2998200e-02   1.3379500e-02   1.4283900e-02   1.3869900e-02   1.3830800e-02   1.4260600e-02
   8.3650500e-02   4.3970500e-02   2.9391000e-02   2.4006700e-02   2.0439800e-02   1.8554100e-02   1.6789600e-02   1.5919800e-02   2.0963800e-02   1.5313600e-02   1.3661500e-02   1.5053700e-02   1.3851100e-02   1.3243700e-02   1.3785800e-02   1.9286000e-02   1.3645000e-02   1.3526200e-02   1.3713400e-02   1.3522900e-02   1.3822700e-02   1.4233700e-02   1.4825700e-02   1.4167600e-02   1.4829200e-02
   7.9718900e-02   4.3941500e-02   3.0878800e-02   2.8341500e-02   2.4310600e-02   2.2977100e-02   1.7329600e-02   1.6297700e-02   1.9537900e-02   1.4931700e-02   1.4039500e-02   1.3306200e-02   1.3692100e-02   1.3999800e-02   1.2964800e-02   1.3366800e-02   1.3010600e-02   1.3405200e-02   1.3956500e-02   1.3347100e-02   1.3375900e-02   1.3828600e-02   1.3821000e-02   1.3931800e-02   1.4433300e-02
   8.4761800e-02   4.5619600e-02   3.9283200e-02   2.7962600e-02   2.4646700e-02   2.2386300e-02   1.6325100e-02   1.5621100e-02   1.4376200e-02   1.4040400e-02   1.5523200e-02   1.3175800e-02   1.3459900e-02   1.3281400e-02   1.3574500e-02   1.2956000e-02   1.2726000e-02   1.3317800e-02   1.3397400e-02   1.3465000e-02   1.3259800e-02   1.4495100e-02   1.3886800e-02   1.4817000e-02   1.6472300e-02
   8.0851200e-02   4.4450800e-02   3.1721000e-02   2.5934900e-02   2.4860300e-02   1.7380800e-02   1.6170300e-02   1.5910200e-02   1.6650600e-02   1.8902900e-02   1.5611000e-02   1.4285200e-02   1.4336600e-02   1.3472400e-02   1.4860700e-02   1.3753100e-02   1.4415600e-02   1.3449500e-02   1.3459300e-02   1.3688800e-02   1.3881100e-02   1.3769500e-02   1.5574800e-02   1.4739200e-02   2.5818300e-02
   9.2412400e-02   4.5072200e-02   3.0060700e-02   2.8959200e-02   2.3530400e-02   2.0453600e-02   1.9061200e-02   1.7466000e-02   1.9155600e-02   1.6799600e-02   1.5495800e-02   1.3943800e-02   1.3464000e-02   1.3217500e-02   1.3001500e-02   1.3706400e-02   1.6925900e-02   1.2686700e-02   1.3450100e-02   1.3581300e-02   1.3857300e-02   1.4415900e-02   1.3561600e-02   1.4178200e-02   1.4648200e-02
   9.2908400e-02   4.5078000e-02   2.9495100e-02   2.8887800e-02   2.2763900e-02   2.2464100e-02   1.7215800e-02   1.6794700e-02   1.6005200e-02   1.4188200e-02   1.4629700e-02   1.4831200e-02   1.9749500e-02   1.4148100e-02   1.2982300e-02   1.3859400e-02   1.3967800e-02   1.2957400e-02   1.3687400e-02   1.3141500e-02   1.4161200e-02   1.4400000e-02   1.4378100e-02   1.4200000e-02   1.4454500e-02
   7.8743800e-02   4.3548900e-02   3.0204000e-02   2.6407300e-02   2.3346500e-02   2.3144400e-02   2.1341800e-02   1.7545000e-02   2.0851300e-02   1.4464600e-02   1.4270400e-02   1.5489000e-02   1.4488400e-02   1.3884800e-02   1.2967700e-02   1.3205200e-02   1.3413700e-02   1.3391100e-02   1.9469900e-02   1.3736100e-02   1.4469400e-02   1.4543000e-02   1.3816100e-02   1.4567500e-02   1.4490500e-02
   8.0373200e-02   4.4204300e-02   3.9240600e-02   2.5022000e-02   2.0606800e-02   2.0100000e-02   1.5935800e-02   1.9863900e-02   1.6934000e-02   1.4961900e-02   1.5261900e-02   1.3526600e-02   1.3202600e-02   1.3141600e-02   1.3396000e-02   1.5145800e-02   1.2816600e-02   1.3281400e-02   1.3274100e-02   1.3928100e-02   1.3242200e-02   1.3923900e-02   1.4504100e-02   1.4970100e-02   1.5549300e-02
   8.0050400e-02   4.3667000e-02   3.3903200e-02   2.4542100e-02   2.0147500e-02   1.7421500e-02   1.8701700e-02   1.6631800e-02   1.4834200e-02   1.3905900e-02   1.4881000e-02   1.3654500e-02   1.3071800e-02   1.3702000e-02   1.4883100e-02   1.3801700e-02   1.6577500e-02   1.3460800e-02   1.4156600e-02   1.3096300e-02   1.3727000e-02   1.4562100e-02   1.5126100e-02   1.4016700e-02   1.7276300e-02
   8.0231300e-02   4.4786500e-02   3.9763400e-02   2.4997500e-02   2.1328300e-02   1.7456600e-02   1.6308900e-02   1.7223700e-02   1.5466900e-02   1.5395700e-02   1.4117800e-02   1.4533000e-02   1.3523200e-02   1.2835800e-02   1.3040600e-02   1.3181500e-02   1.4171300e-02   1.3405600e-02   1.3165100e-02   1.3203700e-02   1.4440400e-02   1.4115300e-02   1.4368800e-02   1.4025100e-02   1.4300600e-02
   7.9844800e-02   4.3960900e-02   3.0697100e-02   2.5824000e-02   2.4910600e-02   2.0341300e-02   1.8157600e-02   1.5393200e-02   2.1545700e-02   1.8585800e-02   1.4125500e-02   1.3090700e-02   1.4444200e-02   1.3747200e-02   1.2843000e-02   1.3460600e-02   1.2555900e-02   1.3015700e-02   1.3229600e-02   1.3121900e-02   1.3561500e-02   1.3699000e-02   1.3926000e-02   1.4295700e-02   1.4512200e-02
   7.9754900e-02   4.6531600e-02   3.3304000e-02   2.3521600e-02   2.3848900e-02   2.0116500e-02   1.6247000e-02   1.7473400e-02   1.5394600e-02   1.4149200e-02   1.6555200e-02   1.3517300e-02   1.3006000e-02   1.5186700e-02   1.3886900e-02   1.2971900e-02   1.3477600e-02   1.5706100e-02   1.4475200e-02   1.3711300e-02   1.3903200e-02   1.4213400e-02   1.4170400e-02   1.4782100e-02   1.4923200e-02
   7.9992200e-02   4.4523600e-02   2.9791700e-02   2.5149800e-02   2.1110900e-02   1.9483500e-02   2.0745000e-02   1.8660100e-02   1.6099500e-02   1.3937700e-02   1.3732400e-02   1.3417400e-02   1.3005400e-02   1.3521300e-02   1.3452100e-02   1.4246500e-02   1.2527200e-02   1.2967500e-02   1.3491800e-02   1.4083600e-02   1.4471200e-02   1.3975600e-02   1.4583800e-02   1.4029200e-02   1.3851400e-02
   8.0593200e-02   4.4882900e-02   2.9338400e-02   2.5037600e-02   2.2238700e-02   2.1162500e-02   2.0937600e-02   1.8938700e-02   1.8684600e-02   1.4757100e-02   1.3417000e-02   1.5219200e-02   1.3948500e-02   1.2759700e-02   1.2770000e-02   1.3419700e-02   1.4990400e-02   1.4803400e-02   1.4285100e-02   1.4012600e-02   1.3926200e-02   1.6233500e-02   2.7532500e-02   1.4660500e-02   1.5118600e-02
   7.9190400e-02   4.4147000e-02   3.0198900e-02   3.9013800e-02   2.2932700e-02   2.0417300e-02   1.6211000e-02   1.4978600e-02   1.4130100e-02   1.7021800e-02   1.3435700e-02   1.3044700e-02   1.4028900e-02   1.5246000e-02   1.4698600e-02   1.6732600e-02   1.3227900e-02   1.3272800e-02   1.3243000e-02   1.3851300e-02   1.3753000e-02   1.3416500e-02   1.3593500e-02   1.4632900e-02   1.4429000e-02
   8.3230200e-02   4.4398100e-02   2.9503700e-02   2.3786700e-02   2.0335500e-02   2.2311000e-02   2.1567300e-02   2.1262300e-02   1.3716300e-02   1.5868500e-02   1.5593800e-02   1.6491400e-02   1.2858000e-02   1.4503000e-02   1.2785100e-02   1.2517800e-02   1.3672400e-02   1.3841700e-02   1.3481300e-02   1.5067600e-02   1.3574700e-02   1.3638100e-02   1.5203600e-02   1.4124500e-02   1.4387200e-02
   7.8811500e-02   4.7904500e-02   3.1035600e-02   2.5363100e-02   2.4927800e-02   1.7213600e-02   2.0203300e-02   1.6997300e-02   1.8617500e-02   1.3125900e-02   1.3707000e-02   1.2859600e-02   1.3416100e-02   1.2645300e-02   1.3171100e-02   1.3474400e-02   1.3073300e-02   1.2748400e-02   1.3110900e-02   1.3548500e-02   1.3115300e-02   1.3368700e-02   1.4030500e-02   1.3964400e-02   1.4020000e-02
   7.8812600e-02   4.4787600e-02   3.3470300e-02   2.4153900e-02   2.0616700e-02   2.0126800e-02   2.0668600e-02   1.6564300e-02   1.8308500e-02   1.5554000e-02   1.3788300e-02   1.4874300e-02   1.3281000e-02   1.3509900e-02   1.3811900e-02   1.4043600e-02   1.3383100e-02   1.3115100e-02   1.3877800e-02   1.3334000e-02   1.3557900e-02   1.3688600e-02   1.3869900e-02   1.4938000e-02   1.4404700e-02
   7.9831200e-02   4.3793500e-02   3.8712400e-02   3.9053000e-02   2.1862400e-02   2.1095300e-02   1.5970900e-02   1.5434000e-02   1.4339300e-02   1.5747700e-02   1.4194900e-02   1.3709800e-02   1.5389600e-02   1.5844600e-02   1.4428800e-02   1.3659900e-02   1.4322000e-02   1.3350800e-02   1.3793800e-02   1.3683700e-02   1.3346000e-02   1.4000500e-02   1.4380900e-02   1.4347700e-02   1.4490900e-02
   7.9495500e-02   4.3259900e-02   2.9435100e-02   2.5413400e-02   1.9963400e-02   2.1322200e-02   1.7756500e-02   1.5554700e-02   1.4105200e-02   1.5686100e-02   1.4814200e-02   1.5735100e-02   1.7546100e-02   1.3855500e-02   1.3616800e-02   1.5662000e-02   1.3080900e-02   1.3410600e-02   1.2864100e-02   1.3655100e-02   1.3347800e-02   1.4492400e-02   1.5073400e-02   1.4465400e-02   1.4611200e-02
   7.9572200e-02   4.4569300e-02   2.9982800e-02   2.6774700e-02   2.2558400e-02   1.7547700e-02   1.9050700e-02   1.6340200e-02   1.4988200e-02   1.6074700e-02   1.4894100e-02   1.3797800e-02   1.2766400e-02   1.3265300e-02   1.2551300e-02   1.3150800e-02   1.3668900e-02   1.3057200e-02   1.3490800e-02   1.5500200e-02   1.4511800e-02   1.4646800e-02   1.5378000e-02   1.4344600e-02   1.5600300e-02
   7.9436000e-02   4.7022300e-02   3.9286300e-02   2.6240100e-02   2.2338500e-02   1.9817500e-02   1.6620500e-02   1.6281000e-02   1.3867200e-02   1.4486700e-02   1.5368400e-02   1.3573200e-02   1.3212900e-02   1.6067500e-02   1.2809300e-02   1.3218100e-02   1.3793500e-02   1.4275400e-02   1.4547600e-02   1.3990700e-02   1.3928600e-02   1.3843200e-02   1.4553000e-02   1.4416000e-02   1.4257000e-02
   7.9385000e-02   4.3106000e-02   2.9511500e-02   2.4545900e-02   3.3773300e-02   1.7642000e-02   1.7957300e-02   1.7044200e-02   1.4720700e-02   1.5805400e-02   1.3650600e-02   1.3592900e-02   1.3742400e-02   1.3396500e-02   1.6744700e-02   1.3571400e-02   1.4255400e-02   1.3575900e-02   1.4245900e-02   1.4202000e-02   1.2968600e-02   1.3751700e-02   1.3928900e-02   1.4490700e-02   1.5015100e-02
   8.0481600e-02   4.3872100e-02   2.9499000e-02   3.8253500e-02   2.0526400e-02   1.9934000e-02   1.7301400e-02   1.6242000e-02   1.4855100e-02   1.5155000e-02   1.5231900e-02   1.4309900e-02   1.5557700e-02   1.3257600e-02   1.3073400e-02   1.2982100e-02   1.3486100e-02   1.3372000e-02   1.3333700e-02   1.3283600e-02   1.3487100e-02   1.3611300e-02   1.3664800e-02   1.4319400e-02   1.4291800e-02
   8.0138300e-02   4.4139600e-02   3.0093800e-02   2.4070500e-02   2.2308100e-02   1.9551000e-02   1.8090100e-02   1.9881500e-02   1.5612400e-02   1.3817600e-02   1.4813000e-02   1.3189100e-02   1.8513100e-02   1.2977000e-02   1.3292700e-02   1.4321300e-02   1.3214600e-02   1.4709300e-02   1.3875800e-02   1.3340800e-02   1.3597400e-02   1.4827400e-02   1.4625800e-02   1.3722100e-02   1.4562900e-02
   8.0228100e-02   4.3791400e-02   3.0397500e-02   2.7185900e-02   2.6649700e-02   1.7673100e-02   1.6329000e-02   1.5163700e-02   1.5084700e-02   1.4874500e-02   1.5717800e-02   1.5188300e-02   1.3107300e-02   1.5829200e-02   1.4283100e-02   1.3164200e-02   1.2741000e-02   1.4118600e-02   1.3565500e-02   1.3342800e-02   1.3949400e-02   1.3397300e-02   1.6079300e-02   1.5647600e-02   1.5123900e-02
   7.9859700e-02   4.2615500e-02   3.0035500e-02   2.5688500e-02   2.3664500e-02   1.9159900e-02   2.2720500e-02   1.7253300e-02   2.1271300e-02   1.3901900e-02   1.4526100e-02   1.3176700e-02   1.3488300e-02   1.2693200e-02   1.2600600e-02   1.3773200e-02   1.2932900e-02   1.3036800e-02   1.4003800e-02   1.4640600e-02   1.4919300e-02   1.3917300e-02   1.3740600e-02   1.3988200e-02   1.4365100e-02
   7.9799900e-02   4.4065800e-02   4.1044300e-02   2.5744600e-02   2.0561500e-02   2.1147800e-02   1.6383900e-02   1.6143500e-02   1.5926800e-02   1.5598200e-02   1.3626300e-02   1.2713100e-02   1.5033900e-02   1.3313000e-02   1.3012700e-02   1.2666900e-02   1.2904600e-02   1.3329400e-02   1.4671700e-02   1.3926100e-02   1.3184500e-02   1.3437800e-02   1.4353600e-02   1.4382800e-02   1.5106600e-02
   7.9648100e-02   4.4227800e-02   3.4387700e-02   2.4090700e-02   2.0107600e-02   2.1416800e-02   1.9738300e-02   1.6488800e-02   1.4839800e-02   1.5234500e-02   1.4401300e-02   1.5153900e-02   1.5124800e-02   1.4303700e-02   1.4685500e-02   1.4581800e-02   1.2765900e-02   1.3534500e-02   1.3307700e-02   1.3090400e-02   1.4449800e-02   1.3640900e-02   1.4123700e-02   1.4836500e-02   1.5387700e-02
   8.0820700e-02   4.3892900e-02   2.9598000e-02   2.4312100e-02   2.2231600e-02   1.7408200e-02   2.0744300e-02   1.8285700e-02   1.4591700e-02   1.5094000e-02   1.3766800e-02   1.3264300e-02   1.6608500e-02   1.3595300e-02   1.3526600e-02   1.3652000e-02   1.4376500e-02   1.3736800e-02   1.4736500e-02   1.9342100e-02   1.4102600e-02   1.4057500e-02   1.4445400e-02   1.4332600e-02   1.4365300e-02
   7.8862800e-02   4.3990400e-02   2.9633600e-02   2.4646900e-02   2.0687300e-02   1.6990000e-02   1.5416700e-02   1.4931100e-02   1.7657800e-02   1.4097100e-02   1.3873700e-02   1.2893500e-02   1.3953900e-02   1.3299200e-02   1.3106200e-02   1.3367300e-02   1.2907300e-02   1.3183000e-02   1.2999800e-02   1.3333000e-02   1.3398100e-02   1.3994900e-02   1.3810300e-02   1.4525600e-02   1.4352400e-02
   7.9495800e-02   4.3945900e-02   2.9530000e-02   2.5053500e-02   2.2776700e-02   1.7663900e-02   1.6184300e-02   1.5648000e-02   1.7863900e-02   1.5140600e-02   1.4359700e-02   1.3292500e-02   1.5763000e-02   1.4185000e-02   1.4244800e-02   1.3280500e-02   1.3058000e-02   1.3317700e-02   1.2943700e-02   1.3924900e-02   1.3378500e-02   1.4463700e-02   1.3740500e-02   1.4616700e-02   1.4497700e-02
   8.0331700e-02   4.3772700e-02   2.9821300e-02   2.4450900e-02   2.3548800e-02   1.7171600e-02   1.7508200e-02   1.6467900e-02   1.5432300e-02   1.4525600e-02   1.5130200e-02   1.3727100e-02   1.3175500e-02   1.3501000e-02   1.3442100e-02   1.4097300e-02   1.5381400e-02   1.4265900e-02   1.2950900e-02   1.4535400e-02   1.3552400e-02   1.3800000e-02   1.3891700e-02   1.4197300e-02   1.4570500e-02
   7.9734300e-02   4.3905800e-02   2.9087600e-02   2.4900300e-02   2.2474400e-02   1.8753500e-02   1.7100700e-02   1.5737900e-02   1.4543500e-02   1.4153700e-02   1.4940500e-02   1.4866200e-02   1.3309200e-02   1.4238100e-02   1.3599600e-02   1.5788600e-02   1.3192900e-02   1.6154600e-02   1.9251100e-02   1.4095000e-02   1.3751900e-02   1.3651300e-02   1.3850900e-02   1.3604300e-02   1.4259400e-02
   8.5876400e-02   4.4059000e-02   3.0594800e-02   2.7242700e-02   2.3147600e-02   1.8292500e-02   1.6978500e-02   1.7818700e-02   1.5962500e-02   1.4177000e-02   1.7430500e-02   1.3538400e-02   1.3625900e-02   1.3712000e-02   1.3361000e-02   1.3551900e-02   1.3341000e-02   1.3795900e-02   1.4234800e-02   1.4950300e-02   1.4859600e-02   1.4584100e-02   1.4325500e-02   1.3812000e-02   1.4417800e-02
   7.9492700e-02   4.8248900e-02   4.1203400e-02   2.9276700e-02   2.0896900e-02   1.8716200e-02   2.2845000e-02   1.5262900e-02   1.4504100e-02   2.0025600e-02   1.5512500e-02   1.3810700e-02   1.3071900e-02   1.4152300e-02   1.3630500e-02   1.3065500e-02   1.4524400e-02   1.3283900e-02   1.4291000e-02   1.4327100e-02   1.4076100e-02   1.4435500e-02   1.4124400e-02   1.5712100e-02   1.4278900e-02
   8.1784100e-02   4.3739700e-02   3.8021400e-02   2.9064800e-02   2.2371500e-02   2.0165700e-02   1.8800400e-02   1.5532100e-02   1.6371400e-02   1.4246900e-02   1.4454700e-02   1.4084200e-02   1.5707300e-02   1.4122400e-02   1.3705300e-02   1.5012000e-02   1.2876700e-02   1.4715300e-02   1.4329700e-02   1.4289000e-02   1.4546200e-02   1.4948600e-02   1.4057600e-02   1.3658600e-02   1.5515400e-02
   8.1578900e-02   4.3881400e-02   3.0063600e-02   2.7592800e-02   2.3220100e-02   2.4061800e-02   1.9121200e-02   1.5549600e-02   1.4585900e-02   1.3528200e-02   1.4025700e-02   1.4330600e-02   1.4054700e-02   1.3648600e-02   1.4594200e-02   1.2822000e-02   1.3216100e-02   1.4154800e-02   1.7205200e-02   1.4363300e-02   1.4094200e-02   1.4451500e-02   1.5068900e-02   1.4180800e-02   1.5131900e-02
   7.9570000e-02   4.4465000e-02   2.9716700e-02   4.4903900e-02   2.3087800e-02   2.4174900e-02   2.1711800e-02   2.0267800e-02   1.6614400e-02   1.7077300e-02   1.4821700e-02   1.4198200e-02   1.3702100e-02   1.4758900e-02   1.3984500e-02   1.3649700e-02   1.4374100e-02   1.4688600e-02   1.3655700e-02   1.6828600e-02   1.3519200e-02   1.3480800e-02   1.4080300e-02   1.4644900e-02   1.4410100e-02
   8.0566300e-02   4.4603300e-02   3.0387900e-02   2.7074400e-02   2.1029100e-02   2.1392500e-02   1.7944400e-02   1.6853800e-02   2.0587000e-02   1.3734600e-02   1.5237300e-02   1.3860200e-02   1.4265200e-02   1.3001500e-02   1.3657400e-02   1.3494000e-02   1.3202500e-02   1.2829800e-02   1.3496900e-02   1.3632400e-02   1.3729800e-02   1.3798600e-02   1.3973600e-02   1.5052200e-02   1.5767400e-02
   8.0157600e-02   4.4760700e-02   4.0147000e-02   2.4984300e-02   2.2514600e-02   2.2808200e-02   1.6795400e-02   1.6867600e-02   1.5633000e-02   1.6593800e-02   1.4215900e-02   1.5347500e-02   1.4718600e-02   1.4959700e-02   1.3253200e-02   1.4111800e-02   1.3826600e-02   1.4265500e-02   1.3569200e-02   1.3223200e-02   1.3216100e-02   1.3881800e-02   1.4517700e-02   1.4454000e-02   1.4289600e-02
   7.9595400e-02   4.5517500e-02   2.9713900e-02   2.6022700e-02   2.3123300e-02   2.0619900e-02   1.9525000e-02   1.7513200e-02   1.6227900e-02   1.6512400e-02   1.5383500e-02   1.5036300e-02   1.3737200e-02   1.2687900e-02   1.4081800e-02   1.3773300e-02   1.3408600e-02   1.3723500e-02   1.3142600e-02   1.3376400e-02   1.3552900e-02   1.3866900e-02   1.4149200e-02   1.4528900e-02   1.4481200e-02
   8.5814200e-02   4.3692000e-02   3.0439500e-02   2.6680200e-02   2.1103900e-02   2.1828800e-02   1.7940300e-02   1.6349800e-02   1.6410100e-02   1.4906100e-02   1.4103900e-02   1.3253700e-02   1.2909700e-02   1.3637000e-02   1.3468200e-02   1.3874200e-02   1.2835100e-02   1.3876000e-02   1.3978600e-02   1.3031900e-02   1.3677300e-02   1.3973600e-02   1.4876400e-02   1.4407400e-02   1.5289300e-02
   7.9263800e-02   4.5793200e-02   3.9408700e-02   2.5378800e-02   2.3934000e-02   1.8260600e-02   1.5699600e-02   1.6421000e-02   1.5436000e-02   1.4875300e-02   1.4482000e-02   1.9738500e-02   1.3320400e-02   1.4475100e-02   1.3143400e-02   1.3425300e-02   1.3381600e-02   1.4145400e-02   1.3466800e-02   1.4229600e-02   1.3673000e-02   1.4562600e-02   1.3780800e-02   1.4545200e-02   1.5529400e-02
   8.0343900e-02   4.3449600e-02   2.9534100e-02   2.9118700e-02   2.0367000e-02   2.3745100e-02   2.0086700e-02   1.6301600e-02   1.7164900e-02   1.4605900e-02   1.5339500e-02   1.4223100e-02   1.3274300e-02   1.4250400e-02   1.3666000e-02   1.3983800e-02   1.3204200e-02   1.4178800e-02   1.3708800e-02   1.3939000e-02   1.4447800e-02   1.3597300e-02   1.4057000e-02   1.3974200e-02   1.4597900e-02
   8.0511200e-02   4.5898800e-02   2.9839400e-02   2.4649200e-02   2.1716500e-02   1.9479300e-02   1.6947700e-02   1.6310800e-02   1.6353300e-02   1.4866800e-02   1.3498900e-02   1.5785800e-02   1.6543700e-02   1.3934500e-02   1.4727300e-02   1.3843400e-02   1.3290100e-02   1.3415700e-02   1.3481300e-02   1.3548800e-02   1.3906700e-02   1.3690300e-02   1.4165800e-02   1.4758400e-02   1.4619800e-02
   7.9469300e-02   4.3712500e-02   2.9887100e-02   2.5718300e-02   2.2556100e-02   2.2629200e-02   1.7321900e-02   1.5878900e-02   1.4760100e-02   1.4314300e-02   2.1058300e-02   1.4096100e-02   1.3069100e-02   1.3399300e-02   1.3788100e-02   1.4335500e-02   1.3927500e-02   1.3384700e-02   1.3428200e-02   1.4069700e-02   1.3661500e-02   1.4228200e-02   1.4767600e-02   1.3797400e-02   1.4416300e-02
   7.9432700e-02   4.3684400e-02   2.9675400e-02   2.3956900e-02   2.1848600e-02   2.2187700e-02   1.9162900e-02   2.1251100e-02   1.5785700e-02   1.3971200e-02   1.4420500e-02   1.3267700e-02   1.3323000e-02   1.2934600e-02   1.4708400e-02   1.3115500e-02   1.3579700e-02   1.3688100e-02   1.3256900e-02   1.3974100e-02   1.4150600e-02   1.4138700e-02   1.3915800e-02   1.4598100e-02   1.4509300e-02
   8.0370500e-02   4.4286200e-02   3.9151500e-02   2.6340100e-02   2.1330000e-02   2.2138000e-02   2.3785600e-02   1.6354400e-02   1.4920100e-02   1.6671900e-02   1.4918200e-02   1.5058800e-02   1.4990600e-02   1.3441000e-02   1.3993500e-02   1.3452300e-02   1.3502800e-02   1.4668200e-02   1.6145300e-02   1.4647400e-02   1.4926300e-02   1.4299800e-02   1.4312100e-02   1.4179700e-02   1.4046800e-02
   8.5863700e-02   4.4375200e-02   2.9850700e-02   2.8097300e-02   2.0002900e-02   2.2698800e-02   1.8547700e-02   1.5885700e-02   1.5202200e-02   1.4032000e-02   1.4798700e-02   1.3570700e-02   1.4051500e-02   1.3369600e-02   1.3277400e-02   1.3298300e-02   1.5388900e-02   1.3322900e-02   1.3495200e-02   1.3050700e-02   1.3566400e-02   1.3432100e-02   1.4780000e-02   1.4111900e-02   1.4850300e-02
   7.9765400e-02   4.3532700e-02   3.0168600e-02   2.4517500e-02   2.0374600e-02   1.8682700e-02   1.9269800e-02   1.8911600e-02   1.4963200e-02   1.5179800e-02   1.4447500e-02   1.4605300e-02   1.3182500e-02   1.3572900e-02   1.2972100e-02   1.4218300e-02   1.3023800e-02   1.3159000e-02   1.3117600e-02   1.3669300e-02   1.3322200e-02   1.4228000e-02   1.3957700e-02   1.4137600e-02   1.4557200e-02
   7.9980200e-02   4.4079400e-02   3.0175600e-02   2.5943400e-02   2.1059800e-02   2.4084600e-02   1.8275300e-02   2.1963200e-02   1.4481900e-02   1.5878700e-02   1.3255200e-02   2.0978600e-02   1.5680100e-02   1.4745200e-02   1.4250500e-02   1.3497500e-02   1.4191000e-02   1.3000000e-02   1.4014500e-02   1.4229900e-02   1.3937000e-02   1.4544900e-02   1.4329400e-02   1.4204600e-02   1.4075100e-02
   7.9073500e-02   4.4004200e-02   3.8468300e-02   2.5076300e-02   2.2607800e-02   2.2387700e-02   1.7237100e-02   1.5961400e-02   1.4209300e-02   1.4942800e-02   1.4398500e-02   1.5800400e-02   1.4227800e-02   1.3519300e-02   1.3190600e-02   1.4336600e-02   1.2983600e-02   1.3685300e-02   1.3484800e-02   1.3520000e-02   1.3090000e-02   1.3868500e-02   1.4883700e-02   1.4625100e-02   1.4019900e-02
   8.0420600e-02   4.3342600e-02   3.0563700e-02   2.5991300e-02   2.0221500e-02   1.9868200e-02   1.8369900e-02   1.6188200e-02   1.6685300e-02   1.5596100e-02   1.3601200e-02   1.3665700e-02   1.4040900e-02   1.2912100e-02   1.4077500e-02   1.3661900e-02   1.2976900e-02   1.4347600e-02   1.4838500e-02   1.4605500e-02   1.3313300e-02   1.3626400e-02   1.3841900e-02   1.4969100e-02   1.4610100e-02
   7.9003100e-02   4.4105400e-02   4.2768100e-02   3.8095600e-02   2.5173000e-02   2.1990200e-02   1.5932600e-02   1.6181300e-02   2.0732700e-02   1.4699200e-02   1.3678100e-02   1.4248500e-02   1.3051000e-02   1.4923500e-02   1.3663100e-02   1.3853100e-02   1.2638100e-02   1.3636300e-02   1.3345900e-02   1.3594900e-02   1.5585300e-02   1.3775600e-02   1.3892300e-02   1.3813900e-02   1.4453300e-02
   8.0296900e-02   4.3905300e-02   4.0444600e-02   2.6427800e-02   2.1168600e-02   1.8455000e-02   1.8126600e-02   1.6410900e-02   1.5042800e-02   1.4805500e-02   1.4438600e-02   1.4474200e-02   1.3085600e-02   1.4660500e-02   1.4492100e-02   1.4497200e-02   1.3360300e-02   1.4007200e-02   1.3302400e-02   1.4794700e-02   1.3994200e-02   1.4285300e-02   1.4328900e-02   1.4130600e-02   1.6969100e-02
   8.1399100e-02   4.4065300e-02   3.8897900e-02   2.6120200e-02   2.3566800e-02   1.8123300e-02   1.7969400e-02   1.6603200e-02   1.5342700e-02   1.4619900e-02   1.5681400e-02   1.4250600e-02   1.2879400e-02   1.4116100e-02   1.4594500e-02   1.4060400e-02   1.6111500e-02   1.4709900e-02   1.3100200e-02   1.3533500e-02   1.4056700e-02   1.4139700e-02   1.6188000e-02   1.5911700e-02   1.4795600e-02
   8.1464200e-02   4.4337400e-02   2.9608000e-02   2.4776200e-02   2.2990700e-02   1.9304300e-02   1.5839500e-02   1.5270000e-02   1.4433000e-02   1.5702500e-02   1.5198700e-02   1.5192800e-02   1.3553300e-02   1.4173300e-02   1.2711800e-02   1.2908800e-02   1.3258900e-02   1.3560600e-02   1.4570500e-02   1.4262400e-02   1.3791800e-02   1.4271400e-02   1.4187400e-02   1.4377600e-02   1.5009100e-02
   8.2994200e-02   4.4745800e-02   3.0521400e-02   2.6325800e-02   2.1965800e-02   1.7015800e-02   2.1785700e-02   1.7997700e-02   1.5360100e-02   1.6429600e-02   1.4936100e-02   2.0231700e-02   1.3960200e-02   1.5887600e-02   1.3991200e-02   1.3170700e-02   1.3044300e-02   1.3904500e-02   1.3870400e-02   1.3522400e-02   1.3386700e-02   1.3712600e-02   1.4612700e-02   1.4542900e-02   1.4157500e-02
   8.0627700e-02   4.4837300e-02   4.1521700e-02   2.4690300e-02   2.1147200e-02   2.2070900e-02   1.7064500e-02   1.7315200e-02   1.4640600e-02   1.4588600e-02   1.3669500e-02   1.3861600e-02   1.4095700e-02   1.3754600e-02   1.3125500e-02   1.2500300e-02   1.3241100e-02   1.4300900e-02   1.3230600e-02   1.3758300e-02   1.3922200e-02   1.4080000e-02   1.4163000e-02   1.4789800e-02   1.4996900e-02
   7.9082900e-02   4.6031000e-02   3.0021500e-02   2.8073600e-02   1.9447700e-02   2.2745600e-02   2.2089600e-02   1.9007600e-02   1.5813600e-02   1.4822100e-02   2.1307500e-02   1.3727700e-02   1.4134300e-02   1.3016800e-02   1.3139300e-02   1.3470700e-02   1.2678900e-02   1.3751600e-02   1.3704000e-02   1.3453500e-02   1.3782700e-02   1.3825600e-02   1.4248200e-02   1.3837100e-02   1.5089100e-02
   7.9662500e-02   4.3665100e-02   3.0316600e-02   2.6616700e-02   2.1284200e-02   2.1772800e-02   1.7953700e-02   1.5920700e-02   1.3875000e-02   1.4093400e-02   1.3648200e-02   1.4961200e-02   1.5053500e-02   1.2660700e-02   1.3376200e-02   1.4984700e-02   1.3181800e-02   1.3296300e-02   1.3534800e-02   1.3666200e-02   1.3457400e-02   1.3721900e-02   1.4913900e-02   1.4365400e-02   1.5001400e-02
   7.9701600e-02   4.3804500e-02   2.9890600e-02   2.5345100e-02   2.1460200e-02   1.7608300e-02   1.7399600e-02   1.5762800e-02   1.5415500e-02   1.3699300e-02   1.4535100e-02   1.3160100e-02   1.3215300e-02   1.3573300e-02   1.2723200e-02   1.2916200e-02   1.4343500e-02   1.2757100e-02   1.3431900e-02   1.3904400e-02   1.3185800e-02   1.3850700e-02   1.5758900e-02   1.5095000e-02   1.4224800e-02
   7.8849700e-02   4.4383700e-02   3.8282100e-02   2.5603500e-02   2.0191000e-02   1.9877700e-02   1.6676000e-02   1.6776300e-02   1.4559700e-02   2.0844800e-02   1.4503400e-02   1.3418100e-02   1.4148300e-02   1.3834300e-02   1.3757400e-02   1.2928400e-02   1.3025500e-02   1.3065200e-02   1.5233200e-02   1.3290800e-02   1.4468800e-02   1.3985900e-02   1.4354300e-02   1.5314300e-02   1.5606600e-02
   7.9108600e-02   4.4829500e-02   3.0012300e-02   3.7274000e-02   2.0493200e-02   2.7276500e-02   1.6350700e-02   1.9920100e-02   1.5363700e-02   1.4360000e-02   1.5389500e-02   1.7202900e-02   1.4279900e-02   1.3942000e-02   1.5054100e-02   1.3443900e-02   1.3332000e-02   1.4335000e-02   1.3471200e-02   1.3235300e-02   1.3673900e-02   1.4071400e-02   1.3553700e-02   1.4369200e-02   1.4842500e-02
   7.9735500e-02   4.5250600e-02   2.9619300e-02   2.4957400e-02   2.8602100e-02   2.1117500e-02   1.5782000e-02   1.4583900e-02   1.6280000e-02   1.3641400e-02   1.5896100e-02   1.4136300e-02   1.4044300e-02   1.3695400e-02   1.5643800e-02   1.4012900e-02   1.3463300e-02   1.2800300e-02   1.4488200e-02   1.3598600e-02   1.3952800e-02   1.4187300e-02   1.4230400e-02   1.4102700e-02   1.4052100e-02
   7.9198500e-02   4.3854000e-02   2.9787000e-02   2.4631100e-02   2.0311600e-02   2.0907000e-02   1.7963100e-02   1.6836500e-02   1.4042900e-02   1.5836500e-02   1.4160400e-02   1.3482700e-02   1.3886400e-02   1.2819400e-02   1.4405300e-02   1.2944400e-02   1.3058900e-02   1.4210700e-02   1.3761200e-02   1.3584700e-02   1.7314300e-02   1.5004900e-02   1.4203300e-02   1.4277800e-02   1.5150600e-02
   7.8319800e-02   4.4006500e-02   2.9761400e-02   2.4313700e-02   2.5746900e-02   2.1719200e-02   1.6427300e-02   1.5237200e-02   1.5349800e-02   1.3781700e-02   1.5597700e-02   1.3642800e-02   1.2833000e-02   1.8482400e-02   1.2715800e-02   1.3043400e-02   1.2528600e-02   1.3541500e-02   1.3588500e-02   1.3503800e-02   2.0653200e-02   1.3609100e-02   1.4412200e-02   1.4287900e-02   1.4572000e-02
   8.0727800e-02   4.3736000e-02   2.9828000e-02   2.6068600e-02   2.2266300e-02   1.8914800e-02   1.7646200e-02   1.5565200e-02   1.5763500e-02   1.4517000e-02   1.4024500e-02   1.4826200e-02   1.4333400e-02   1.4900600e-02   1.4526900e-02   1.4197800e-02   1.3481600e-02   1.4482200e-02   1.3674300e-02   1.3856300e-02   1.3918100e-02   1.5446600e-02   1.4101300e-02   1.4916600e-02   1.4993800e-02
   7.9442000e-02   4.5019200e-02   3.3933000e-02   2.5449300e-02   2.2913000e-02   2.5331400e-02   1.6679600e-02   1.5131800e-02   1.5096900e-02   1.5837100e-02   1.3528400e-02   1.3039700e-02   1.3954300e-02   1.5904500e-02   1.4024900e-02   1.4524700e-02   1.3348600e-02   1.3354700e-02   1.3202400e-02   1.3819600e-02   1.3748300e-02   1.4190400e-02   1.4141100e-02   1.4120900e-02   1.4221200e-02
   7.9932700e-02   4.4957300e-02   3.1433800e-02   2.6958400e-02   2.1497000e-02   2.0586500e-02   1.8274500e-02   1.6525500e-02   1.5792200e-02   1.4515900e-02   1.3842100e-02   1.3981400e-02   1.3279200e-02   1.4838400e-02   1.4456600e-02   1.3594100e-02   1.2820100e-02   1.4230700e-02   1.3591200e-02   1.3463000e-02   1.3845500e-02   1.6831900e-02   1.3867900e-02   1.5422000e-02   1.4514600e-02
   7.9630400e-02   4.5585200e-02   3.0029900e-02   2.4264100e-02   2.2854900e-02   1.9984800e-02   1.8813800e-02   1.6360300e-02   1.6331200e-02   1.4689400e-02   1.5685100e-02   1.4204700e-02   1.4491000e-02   1.5309700e-02   2.7040200e-02   1.4427200e-02   1.3982600e-02   1.3782300e-02   1.3895700e-02   1.4174700e-02   1.3140100e-02   1.3766900e-02   1.3628600e-02   1.4489200e-02   1.5790100e-02
   7.9836300e-02   4.4417100e-02   3.3136700e-02   2.5812600e-02   2.3111000e-02   1.9828500e-02   1.6142700e-02   2.1182800e-02   1.4940600e-02   1.3834500e-02   1.5299000e-02   1.3622200e-02   1.3503300e-02   1.4282900e-02   1.8968100e-02   1.3320100e-02   1.3322500e-02   1.3366400e-02   1.4371300e-02   1.3193300e-02   1.3754800e-02   1.4544300e-02   1.4733500e-02   1.4678600e-02   1.4895400e-02
   7.8465500e-02   4.5237800e-02   3.3443800e-02   2.6814500e-02   2.2857100e-02   2.4359400e-02   1.6642700e-02   1.6112500e-02   1.4074300e-02   1.3679600e-02   1.4275500e-02   1.3979800e-02   1.4867700e-02   1.3854700e-02   1.4396900e-02   1.3219000e-02   1.2990400e-02   1.3639200e-02   1.3243300e-02   1.3893400e-02   1.3139600e-02   1.3744500e-02   1.4801600e-02   1.5526500e-02   1.4231600e-02
   7.9823500e-02   4.4034200e-02   3.0088500e-02   2.5814100e-02   2.5827700e-02   2.3819400e-02   2.4192100e-02   1.7075300e-02   1.4265300e-02   1.4609900e-02   1.3961200e-02   1.3887500e-02   1.4173400e-02   1.3860100e-02   1.3124700e-02   1.2980600e-02   1.3156000e-02   1.4032800e-02   1.3956900e-02   1.3837200e-02   1.3650000e-02   1.5154000e-02   1.3997900e-02   1.4078200e-02   1.5135000e-02
   7.9536200e-02   4.4388000e-02   2.9951700e-02   2.6058700e-02   2.1528700e-02   1.9625200e-02   1.8895000e-02   2.0073700e-02   1.6427200e-02   1.4762300e-02   1.4666100e-02   1.3759600e-02   1.3735300e-02   1.2679500e-02   1.2988100e-02   1.3479800e-02   1.2662600e-02   1.3057600e-02   1.3315300e-02   1.2870400e-02   1.3314700e-02   1.4006600e-02   1.3704700e-02   1.4876900e-02   1.4484900e-02
   7.9502100e-02   4.4286900e-02   3.8302300e-02   2.3925900e-02   2.3243600e-02   2.0559800e-02   1.9118500e-02   1.8349700e-02   1.5335000e-02   1.5006600e-02   1.3345200e-02   1.2999000e-02   1.3273300e-02   1.4435000e-02   1.3439100e-02   1.4080200e-02   1.3027400e-02   1.3700400e-02   1.3992200e-02   1.3714000e-02   1.4026800e-02   1.4358400e-02   1.3834100e-02   1.3858000e-02   1.4137600e-02
   7.9259500e-02   4.6353000e-02   3.2653400e-02   3.0106300e-02   2.1112300e-02   2.2760200e-02   1.6096100e-02   1.8307200e-02   1.6581400e-02   1.4506500e-02   1.6139100e-02   1.4016500e-02   1.3694900e-02   1.3623100e-02   1.3823700e-02   1.4646900e-02   1.3764500e-02   1.3400200e-02   1.3978400e-02   1.4704000e-02   1.3889300e-02   1.5080100e-02   1.4418800e-02   1.4470000e-02   1.4317800e-02
   7.9861200e-02   4.3161700e-02   3.0093900e-02   2.4746500e-02   2.0217500e-02   1.9895500e-02   1.8747600e-02   1.6987800e-02   1.6003400e-02   1.5193600e-02   1.4721300e-02   1.4442200e-02   1.3524600e-02   1.5330900e-02   1.3417800e-02   1.3246200e-02   1.2916700e-02   1.3209900e-02   1.3966200e-02   1.4246100e-02   1.3511200e-02   1.5220100e-02   1.4178900e-02   1.6740000e-02   1.4554600e-02
   7.9655700e-02   4.3891200e-02   3.8548700e-02   2.6361700e-02   2.6836000e-02   1.8670100e-02   1.6050100e-02   2.0664400e-02   1.5750800e-02   1.6484800e-02   1.5993800e-02   1.3710300e-02   1.3233200e-02   1.5182100e-02   1.4830800e-02   1.5300000e-02   1.3357300e-02   1.4290800e-02   1.4364300e-02   1.4481200e-02   1.4130900e-02   1.4531900e-02   1.3915100e-02   1.5060800e-02   1.4577500e-02
   7.9464500e-02   4.4816600e-02   2.9871400e-02   2.5476100e-02   2.2895100e-02   2.0900900e-02   1.9723000e-02   1.7068100e-02   1.4653800e-02   1.6890100e-02   1.4051000e-02   1.3275300e-02   1.3959100e-02   1.3040200e-02   1.3818600e-02   1.3631700e-02   1.3671600e-02   1.3193500e-02   1.3364500e-02   1.3373200e-02   1.3910800e-02   1.4257800e-02   1.4090700e-02   1.4239600e-02   1.4306500e-02
   8.0985100e-02   4.9265700e-02   3.1110000e-02   2.6856600e-02   2.2697100e-02   1.9668600e-02   1.7866300e-02   1.6112600e-02   2.1524400e-02   1.3871500e-02   1.4658700e-02   1.4617700e-02   1.8941300e-02   1.3970900e-02   1.3595900e-02   1.4580600e-02   1.4773700e-02   1.3730400e-02   1.4818900e-02   1.3927700e-02   1.3459800e-02   1.3791300e-02   1.4494300e-02   1.6304600e-02   1.4742400e-02
   7.8950500e-02   4.4353300e-02   3.0230500e-02   3.4631200e-02   2.6042200e-02   2.2607500e-02   1.9680700e-02   1.7378600e-02   1.7083200e-02   1.6662200e-02   1.4476000e-02   1.4497000e-02   1.3533400e-02   1.3593300e-02   1.3223300e-02   1.3484200e-02   1.3741300e-02   1.3536800e-02   1.3500900e-02   1.3674800e-02   1.3438200e-02   1.4387600e-02   1.3943600e-02   1.4017400e-02   1.4177600e-02
   7.9997600e-02   4.3274600e-02   3.0759300e-02   2.5899600e-02   2.0533200e-02   2.2159900e-02   1.7349800e-02   1.5286300e-02   1.4609100e-02   1.5642700e-02   1.5498000e-02   1.7802200e-02   1.4210800e-02   1.9060300e-02   1.5512900e-02   1.3656500e-02   1.7262700e-02   1.3400500e-02   2.3649100e-02   1.3568600e-02   1.6167500e-02   1.3774900e-02   1.3510000e-02   1.3953700e-02   1.4563800e-02
   8.0906700e-02   4.5190200e-02   2.9345700e-02   2.5134700e-02   3.7245000e-02   1.9983300e-02   1.7715600e-02   1.6194600e-02   1.5726300e-02   1.4772500e-02   1.3328200e-02   1.3358000e-02   1.4319100e-02   1.3777200e-02   1.2925200e-02   1.3563000e-02   1.3599600e-02   1.5662600e-02   1.4873400e-02   1.4467600e-02   1.3996300e-02   1.5822200e-02   1.3941800e-02   1.4617300e-02   1.4204600e-02
   8.0527500e-02   4.4085200e-02   3.3859000e-02   2.5104800e-02   2.1062800e-02   1.8797500e-02   1.6577600e-02   1.5605100e-02   2.0330600e-02   1.6652800e-02   1.3523600e-02   1.3743800e-02   1.5968700e-02   1.5738800e-02   1.3999700e-02   1.4999800e-02   1.3862100e-02   1.3223700e-02   1.4569000e-02   1.3826000e-02   1.3311000e-02   1.4384900e-02   1.5099100e-02   1.5127200e-02   1.5537200e-02
   8.0056100e-02   4.4390500e-02   3.0802900e-02   2.4973600e-02   2.1064600e-02   1.9043500e-02   1.8573000e-02   2.4303000e-02   1.4774500e-02   1.4686300e-02   1.3066000e-02   1.5498300e-02   1.4290300e-02   1.3192700e-02   1.3885600e-02   1.3743500e-02   1.3337300e-02   1.3655400e-02   1.3467000e-02   1.3603200e-02   1.4436800e-02   1.3966500e-02   1.4315800e-02   1.4407400e-02   1.4348300e-02
   8.1465600e-02   4.3402600e-02   2.9756000e-02   2.6617300e-02   2.4040100e-02   1.7446900e-02   1.5738800e-02   1.4475700e-02   1.3995900e-02   1.6315300e-02   1.4946100e-02   1.6000700e-02   1.8006900e-02   1.6907200e-02   1.3515800e-02   1.3818500e-02   1.3165800e-02   1.3610100e-02   1.3492000e-02   1.4197700e-02   1.4217200e-02   1.3523400e-02   1.4098500e-02   1.3834200e-02   1.5224700e-02
   8.0122200e-02   4.5861900e-02   4.0327900e-02   2.9091100e-02   2.4049400e-02   1.8726600e-02   2.0368200e-02   1.6972900e-02   1.4952500e-02   1.4882600e-02   1.3762500e-02   1.3790700e-02   1.3769900e-02   1.3193400e-02   1.3047000e-02   1.3176700e-02   1.3463400e-02   1.3140000e-02   1.3463200e-02   1.4093200e-02   1.4389700e-02   1.4098300e-02   1.4396000e-02   1.5619100e-02   1.4886400e-02
   8.0575200e-02   4.4871000e-02   2.8836900e-02   2.6447600e-02   2.3040600e-02   1.9679200e-02   2.2786100e-02   1.6761200e-02   1.5878800e-02   1.7980700e-02   1.5471700e-02   1.4308100e-02   1.6671900e-02   1.9549900e-02   1.6748500e-02   2.2140400e-02   1.9930500e-02   2.1549800e-02   1.3759000e-02   1.4204900e-02   1.4935000e-02   1.4808100e-02   1.5220100e-02   1.4442400e-02   1.5054700e-02
   7.9534100e-02   4.6680400e-02   3.1551000e-02   2.5289500e-02   2.5241200e-02   2.0311800e-02   1.9918800e-02   1.6906500e-02   1.9829100e-02   1.6403500e-02   1.4041200e-02   1.3886100e-02   1.5955600e-02   1.4186300e-02   1.5024500e-02   1.5842500e-02   1.3578700e-02   1.3526500e-02   1.4285000e-02   1.3576300e-02   1.4134300e-02   1.4027800e-02   1.4225700e-02   1.4677000e-02   1.4389700e-02
   8.0916200e-02   4.3859300e-02   2.9284800e-02   2.4383000e-02   2.0379200e-02   1.8328700e-02   1.5898300e-02   1.7097400e-02   2.0687400e-02   1.4448400e-02   1.4486300e-02   1.4718700e-02   1.5623000e-02   1.3157600e-02   1.3556300e-02   1.2802600e-02   1.4323700e-02   1.3555300e-02   1.3172700e-02   1.3188800e-02   1.3807700e-02   1.3779000e-02   1.4830100e-02   1.5128400e-02   1.4973600e-02
   8.3127300e-02   4.3339100e-02   3.0172600e-02   3.6750500e-02   2.0781800e-02   1.7271300e-02   2.1515000e-02   1.8114500e-02   1.8063400e-02   1.6359100e-02   1.4396900e-02   1.3622700e-02   1.3598600e-02   1.3285000e-02   1.4573300e-02   1.2952100e-02   1.2897300e-02   1.4277000e-02   1.2944900e-02   1.4241100e-02   1.3325400e-02   1.3643500e-02   1.4007100e-02   1.4558300e-02   1.4040200e-02
   8.0456500e-02   4.4224800e-02   2.9534900e-02   2.5362400e-02   2.0620600e-02   1.8975800e-02   1.9976600e-02   1.8496000e-02   2.0080300e-02   1.7844400e-02   1.4324600e-02   1.5578300e-02   1.3525200e-02   1.4554200e-02   1.2757400e-02   1.2990000e-02   1.3094500e-02   1.3264100e-02   1.3296400e-02   1.3479700e-02   1.5055700e-02   1.3971000e-02   1.4480800e-02   1.4043800e-02   1.5680500e-02
   8.0195700e-02   4.6992500e-02   3.1281500e-02   2.6311200e-02   2.0535100e-02   2.1902900e-02   2.0722500e-02   1.6766900e-02   1.7787100e-02   1.4350600e-02   1.3617800e-02   1.3899700e-02   1.3601600e-02   2.6374200e-02   1.5616700e-02   1.4684900e-02   1.3070200e-02   1.2758900e-02   1.4163100e-02   1.3213500e-02   1.4621500e-02   1.3497300e-02   1.4275200e-02   1.4547900e-02   1.4884800e-02
   8.1379700e-02   4.4290400e-02   3.0370000e-02   2.5947800e-02   2.2456000e-02   1.7758000e-02   1.6401200e-02   2.1522900e-02   1.4874500e-02   1.3780700e-02   1.5332900e-02   1.4361300e-02   1.3336400e-02   2.1098900e-02   2.0210900e-02   1.5493500e-02   1.3291900e-02   1.3974700e-02   1.4311700e-02   1.3245800e-02   1.3245800e-02   1.4061400e-02   1.4899200e-02   1.3902700e-02   1.5209500e-02
   7.9427100e-02   4.4345400e-02   3.0023000e-02   2.5188700e-02   2.2761800e-02   1.9333100e-02   1.5841100e-02   1.6218800e-02   1.5711900e-02   1.5360100e-02   1.3973900e-02   1.6924600e-02   1.3049800e-02   1.3485900e-02   1.5258300e-02   1.3182100e-02   1.3728200e-02   1.3327500e-02   1.3172800e-02   1.4144100e-02   1.4670400e-02   1.4768100e-02   1.5282000e-02   1.5021800e-02   1.4515000e-02
