   1.0400000e+03   5.5216923e+02   4.8086154e+02   2.8512308e+02   2.7204231e+02   2.2017692e+02   2.2719615e+02   1.5115769e+02   2.0454615e+02   1.3774615e+02   1.2433846e+02   1.1329231e+02   1.0052308e+02   1.1623846e+02   9.6776923e+01   1.0537308e+02   7.9000000e+01   7.7569231e+01   8.2284615e+01   7.2134615e+01   6.8430769e+01   6.0026923e+01   5.6996154e+01   5.1603846e+01   5.9465385e+01
   1.0400000e+03   5.4778462e+02   3.5585385e+02   2.8192308e+02   2.5525385e+02   1.8085000e+02   2.1060769e+02   1.5986923e+02   1.3316923e+02   2.0205385e+02   1.2748077e+02   1.2154231e+02   1.0213462e+02   9.0192308e+01   7.7146154e+01   8.0157692e+01   7.6515385e+01   6.8792308e+01   7.9500000e+01   6.9126923e+01   6.9303846e+01   5.9719231e+01   6.0138462e+01   5.6500000e+01   5.9603846e+01
   1.0400000e+03   5.3830769e+02   4.5728462e+02   3.0397692e+02   2.6021538e+02   1.9742308e+02   1.5854615e+02   1.4347308e+02   1.3321923e+02   1.2434615e+02   1.1993846e+02   1.1631154e+02   1.0031538e+02   1.1111154e+02   8.3953846e+01   8.1300000e+01   7.9465385e+01   7.0430769e+01   6.2800000e+01   6.2626923e+01   6.4619231e+01   6.6484615e+01   5.7180769e+01   5.5934615e+01   5.2650000e+01
   1.0400000e+03   5.4700000e+02   3.5923846e+02   3.0064615e+02   2.8221538e+02   1.8745385e+02   2.4517308e+02   1.5903077e+02   1.4538077e+02   1.4595385e+02   1.1626538e+02   9.3673077e+01   9.4969231e+01   1.0472308e+02   7.9307692e+01   8.2557692e+01   8.6715385e+01   6.9900000e+01   7.4515385e+01   7.5542308e+01   6.9311538e+01   6.1857692e+01   5.6703846e+01   5.7696154e+01   5.0173077e+01
   1.0400000e+03   5.5076923e+02   3.5765769e+02   2.9102692e+02   2.6618077e+02   2.3944615e+02   1.7345000e+02   2.1433462e+02   1.3977308e+02   1.2196154e+02   1.0673462e+02   1.0104231e+02   1.0134231e+02   8.9784615e+01   1.0281538e+02   8.1765385e+01   9.2676923e+01   6.7142308e+01   6.8592308e+01   6.1992308e+01   5.9107692e+01   6.1038462e+01   5.4115385e+01   5.8123077e+01   5.3203846e+01
   1.0400000e+03   5.4930769e+02   3.5078077e+02   2.9176538e+02   2.6097692e+02   1.9897692e+02   1.5580385e+02   2.1181154e+02   1.3240000e+02   1.3984231e+02   1.2261154e+02   1.0130000e+02   1.0413846e+02   9.7576923e+01   7.5061538e+01   8.1496154e+01   6.8507692e+01   6.8223077e+01   7.3419231e+01   5.9092308e+01   6.6965385e+01   5.6038462e+01   5.2788462e+01   5.4403846e+01   5.7203846e+01
   1.0400000e+03   5.5540000e+02   3.5588462e+02   2.9965769e+02   2.4998077e+02   2.4088462e+02   1.9963462e+02   1.6102692e+02   1.4688462e+02   1.4594615e+02   1.6271154e+02   9.7280769e+01   1.0830000e+02   8.6188462e+01   9.4173077e+01   8.4484615e+01   7.7419231e+01   7.1269231e+01   6.8361538e+01   7.0580769e+01   6.6900000e+01   6.1892308e+01   5.4950000e+01   5.3896154e+01   5.4723077e+01
   1.0400000e+03   5.4284615e+02   3.5744231e+02   2.7153846e+02   2.5585000e+02   2.3917692e+02   1.7208077e+02   1.4360769e+02   1.4041923e+02   1.4096923e+02   1.0934615e+02   1.0571154e+02   9.1157692e+01   8.2426923e+01   9.6676923e+01   7.6134615e+01   7.4750000e+01   7.0484615e+01   8.1250000e+01   6.0923077e+01   5.9584615e+01   1.0596538e+02   6.0076923e+01   5.8900000e+01   5.2646154e+01
   1.0400000e+03   5.4455385e+02   3.7469615e+02   2.9899615e+02   2.5844615e+02   1.9532692e+02   1.8165000e+02   1.3564615e+02   1.6630769e+02   1.1807308e+02   1.1885769e+02   1.0965385e+02   1.0246923e+02   1.0530385e+02   9.9569231e+01   9.9623077e+01   7.4388462e+01   7.0730769e+01   6.5361538e+01   6.2865385e+01   6.3753846e+01   6.6069231e+01   5.5915385e+01   5.3084615e+01   6.1338462e+01
   1.0400000e+03   5.4107692e+02   3.5225000e+02   3.2376538e+02   2.7000385e+02   2.1933077e+02   2.0135385e+02   1.6158846e+02   1.3543077e+02   1.6361538e+02   1.1651538e+02   1.1896538e+02   1.1883462e+02   1.2955769e+02   8.7438462e+01   7.4634615e+01   6.8019231e+01   7.8784615e+01   7.2750000e+01   7.6711538e+01   6.4176923e+01   7.0457692e+01   5.7346154e+01   5.1719231e+01   5.5261538e+01
   1.0400000e+03   5.5478462e+02   5.4913462e+02   3.0052308e+02   2.3914615e+02   2.4726923e+02   2.4007308e+02   1.5579615e+02   1.3805769e+02   1.1440769e+02   1.0925000e+02   1.1442692e+02   1.0001538e+02   8.6538462e+01   8.2350000e+01   8.1357692e+01   8.4630769e+01   7.0553846e+01   8.0223077e+01   6.4900000e+01   5.7476923e+01   5.7107692e+01   5.5592308e+01   5.4061538e+01   4.9780769e+01
   1.0400000e+03   5.4930769e+02   3.5921154e+02   2.7973077e+02   2.5864231e+02   1.9586154e+02   1.9100385e+02   1.4492308e+02   1.3367308e+02   1.2615385e+02   1.1472308e+02   1.0323077e+02   9.4369231e+01   8.9557692e+01   7.9046154e+01   8.6765385e+01   8.0523077e+01   7.4819231e+01   7.5730769e+01   8.0519231e+01   6.0430769e+01   6.6830769e+01   5.9734615e+01   5.5830769e+01   5.0288462e+01
   1.0400000e+03   5.5076923e+02   3.5311154e+02   3.1001923e+02   2.2608462e+02   4.1090769e+02   1.7150000e+02   1.9310769e+02   1.3189615e+02   1.1347692e+02   1.2296154e+02   1.0711923e+02   9.8050000e+01   9.2123077e+01   8.6384615e+01   8.7530769e+01   7.9161538e+01   6.5169231e+01   6.3196154e+01   5.9888462e+01   6.2911538e+01   5.5515385e+01   5.5457692e+01   5.3261538e+01   5.5769231e+01
   1.0400000e+03   5.5600000e+02   4.0866923e+02   2.8458462e+02   2.2636538e+02   2.1134615e+02   1.7765385e+02   1.5155769e+02   1.4461923e+02   1.3237692e+02   1.1135000e+02   1.0690769e+02   9.3511538e+01   9.4223077e+01   8.8938462e+01   9.3653846e+01   7.0996154e+01   7.3530769e+01   6.5853846e+01   6.0223077e+01   5.9065385e+01   5.7453846e+01   5.6569231e+01   5.8765385e+01   4.9723077e+01
   1.0400000e+03   5.4107692e+02   4.6915769e+02   4.3873077e+02   2.5158077e+02   2.0540769e+02   1.8604231e+02   1.6236538e+02   1.4843462e+02   1.4554231e+02   1.1135385e+02   1.0542692e+02   1.0646923e+02   1.0262308e+02   1.0148462e+02   1.0058077e+02   7.7626923e+01   6.5000000e+01   6.8365385e+01   7.6546154e+01   6.5800000e+01   6.1403846e+01   6.9519231e+01   5.9565385e+01   5.0753846e+01
   1.0400000e+03   5.5147692e+02   4.0840769e+02   3.3458077e+02   2.2056154e+02   1.8054231e+02   1.8110769e+02   1.5318077e+02   1.4279615e+02   1.3912692e+02   1.1623462e+02   9.6415385e+01   9.0334615e+01   8.1823077e+01   8.5046154e+01   7.8284615e+01   6.6503846e+01   6.8226923e+01   7.0338462e+01   5.7473077e+01   6.6350000e+01   5.8280769e+01   5.1342308e+01   5.4015385e+01   5.3434615e+01
   1.0400000e+03   5.5715385e+02   3.5481923e+02   2.9633462e+02   2.4578077e+02   1.7846538e+02   1.9603846e+02   1.4012692e+02   1.4476923e+02   1.2203077e+02   1.1179231e+02   1.0601923e+02   1.0213077e+02   9.2561538e+01   8.3038462e+01   8.4173077e+01   7.6388462e+01   7.4276923e+01   6.3434615e+01   6.3173077e+01   5.8961538e+01   6.1630769e+01   5.9011538e+01   5.3007692e+01   5.5980769e+01
   1.0400000e+03   5.5600000e+02   4.9319615e+02   2.9881538e+02   2.2948462e+02   2.2560000e+02   1.6908846e+02   1.8093846e+02   1.3881154e+02   1.2042308e+02   1.5680385e+02   1.2145385e+02   1.0833077e+02   8.7680769e+01   9.3538462e+01   8.3726923e+01   7.4357692e+01   6.7180769e+01   6.8000000e+01   6.0080769e+01   6.6173077e+01   6.8192308e+01   5.9369231e+01   5.2988462e+01   5.2953846e+01
   1.0400000e+03   5.5004615e+02   3.5062692e+02   4.7352692e+02   2.5488846e+02   1.9705385e+02   2.0345769e+02   1.5498462e+02   1.4674231e+02   1.1496538e+02   1.0768846e+02   1.2380385e+02   8.8423077e+01   9.4303846e+01   7.5326923e+01   8.0623077e+01   8.5211538e+01   6.7246154e+01   6.1869231e+01   6.4134615e+01   5.7942308e+01   5.6580769e+01   5.8219231e+01   4.9188462e+01   5.6500000e+01
   1.0400000e+03   5.6158462e+02   3.4885385e+02   3.1172308e+02   2.3923462e+02   1.7639231e+02   1.5885000e+02   1.3748846e+02   1.2853077e+02   1.4245385e+02   1.2593077e+02   1.0186538e+02   1.0199231e+02   9.6611538e+01   8.7246154e+01   7.5096154e+01   7.6857692e+01   7.6511538e+01   6.8161538e+01   6.0880769e+01   6.5092308e+01   5.6653846e+01   5.6876923e+01   7.3280769e+01   5.2719231e+01
   1.0400000e+03   5.5004615e+02   3.4885385e+02   2.9878077e+02   2.1463846e+02   2.4082308e+02   1.5796154e+02   1.7897308e+02   1.4743462e+02   1.4225000e+02   1.2880385e+02   1.0648077e+02   1.0658077e+02   9.1211538e+01   8.3011538e+01   8.4050000e+01   8.2534615e+01   7.7588462e+01   6.5638462e+01   7.6696154e+01   6.5242308e+01   5.7215385e+01   6.1030769e+01   5.3319231e+01   5.7888462e+01
   1.0400000e+03   5.4930769e+02   3.6364615e+02   3.2676538e+02   2.6494231e+02   1.9237692e+02   1.9177308e+02   1.7569231e+02   1.5437308e+02   1.2960769e+02   1.6203462e+02   1.0360000e+02   9.6669231e+01   9.1926923e+01   7.5969231e+01   8.9411538e+01   7.4330769e+01   7.5688462e+01   7.7430769e+01   7.0996154e+01   5.7588462e+01   5.4976923e+01   6.6934615e+01   5.4434615e+01   4.8473077e+01
   1.0400000e+03   5.3924615e+02   3.6044615e+02   3.1289231e+02   2.6740769e+02   2.6790385e+02   1.6187308e+02   2.2605000e+02   1.4089231e+02   1.1461154e+02   1.1129231e+02   1.0867692e+02   1.2028077e+02   9.5000000e+01   9.2365385e+01   7.9907692e+01   7.7950000e+01   7.1238462e+01   6.4896154e+01   6.0211538e+01   6.3469231e+01   5.3642308e+01   5.4419231e+01   5.8707692e+01   4.8169231e+01
   1.0400000e+03   5.5415385e+02   3.5615769e+02   3.4483077e+02   2.5158462e+02   1.9225769e+02   1.7776538e+02   1.5433462e+02   1.4965769e+02   1.3180769e+02   1.1788077e+02   1.0537692e+02   8.8992308e+01   1.1818846e+02   7.9234615e+01   8.6446154e+01   7.0792308e+01   7.2815385e+01   7.9992308e+01   6.5673077e+01   6.5476923e+01   6.1553846e+01   5.4880769e+01   6.8946154e+01   5.2384615e+01
   1.0400000e+03   5.5216923e+02   3.5532308e+02   2.9686538e+02   2.3701538e+02   2.1248077e+02   1.5295000e+02   2.0916538e+02   1.3620000e+02   1.2789615e+02   1.0170385e+02   1.2421154e+02   9.7523077e+01   8.5023077e+01   8.2623077e+01   9.0211538e+01   7.8926923e+01   7.0288462e+01   7.3026923e+01   5.5834615e+01   8.5134615e+01   5.4715385e+01   6.2273077e+01   5.5423077e+01   5.5296154e+01
   1.0400000e+03   5.4455385e+02   4.6909615e+02   3.0196154e+02   2.7671538e+02   2.5446154e+02   1.8386538e+02   1.8936154e+02   1.3888462e+02   1.2669615e+02   1.1615385e+02   1.2966154e+02   9.8873077e+01   8.8073077e+01   8.7484615e+01   7.6242308e+01   7.6657692e+01   7.3023077e+01   6.9526923e+01   6.9061538e+01   6.7523077e+01   5.8296154e+01   5.4930769e+01   5.1469231e+01   5.0900000e+01
   1.0400000e+03   5.5284615e+02   4.8422692e+02   2.8209615e+02   2.1015385e+02   1.8167308e+02   1.6581538e+02   1.7693462e+02   2.0125000e+02   1.2353846e+02   1.1571538e+02   1.0746538e+02   8.6711538e+01   9.1134615e+01   7.7473077e+01   8.2669231e+01   6.8076923e+01   6.8765385e+01   7.8588462e+01   6.8984615e+01   6.1842308e+01   5.7692308e+01   5.5673077e+01   5.2696154e+01   5.1453846e+01
   1.0400000e+03   5.5284615e+02   3.6744231e+02   2.8564615e+02   2.3185000e+02   1.9363846e+02   1.8861154e+02   1.7843077e+02   1.4793462e+02   1.2085769e+02   1.1328077e+02   1.0490769e+02   8.7403846e+01   9.0857692e+01   7.5815385e+01   7.6850000e+01   9.4673077e+01   8.8261538e+01   6.7857692e+01   6.5573077e+01   6.4661538e+01   6.2134615e+01   5.3203846e+01   5.9469231e+01   4.9926923e+01
   1.0400000e+03   5.5147692e+02   4.8005769e+02   2.9869615e+02   2.5551154e+02   2.5196538e+02   1.6651154e+02   1.5585769e+02   1.4899615e+02   1.2762692e+02   1.2732308e+02   1.1258077e+02   9.9965385e+01   9.2950000e+01   9.1180769e+01   8.5603846e+01   8.0650000e+01   7.3461538e+01   8.4707692e+01   6.5076923e+01   7.5511538e+01   5.4519231e+01   5.4807692e+01   5.4203846e+01   5.5988462e+01
   1.0400000e+03   5.3735385e+02   4.0200000e+02   2.9896923e+02   2.6044231e+02   2.3320385e+02   1.6231538e+02   1.5277692e+02   1.4488846e+02   1.4936538e+02   1.1252308e+02   9.5346154e+01   1.0160769e+02   8.5123077e+01   8.4515385e+01   8.0076923e+01   7.8111538e+01   7.1015385e+01   6.6665385e+01   6.7984615e+01   6.3034615e+01   5.7884615e+01   5.0246154e+01   6.0180769e+01   6.3761538e+01
   1.0400000e+03   5.5478462e+02   4.9906923e+02   2.9416923e+02   2.5704231e+02   1.8922692e+02   2.2755385e+02   1.9494231e+02   1.4527692e+02   1.1286538e+02   1.0171923e+02   1.1545385e+02   1.0181538e+02   9.5426923e+01   8.6838462e+01   7.6711538e+01   7.2003846e+01   7.0365385e+01   7.2930769e+01   6.6626923e+01   6.2465385e+01   5.6846154e+01   5.3188462e+01   5.3938462e+01   5.2088462e+01
   1.0400000e+03   5.5004615e+02   4.7734231e+02   3.4082308e+02   2.2615769e+02   2.1375769e+02   2.3888462e+02   1.5548077e+02   1.4969231e+02   1.1958846e+02   1.1214615e+02   1.0343462e+02   1.0006538e+02   1.0611538e+02   7.6684615e+01   8.6815385e+01   6.9476923e+01   8.9888462e+01   7.5657692e+01   6.3673077e+01   5.7742308e+01   6.5030769e+01   6.5134615e+01   6.3465385e+01   5.1269231e+01
   1.0400000e+03   5.5600000e+02   4.9057692e+02   2.7912692e+02   2.9108846e+02   2.3078846e+02   2.1345385e+02   1.6168846e+02   1.3925000e+02   1.2216154e+02   1.2367308e+02   1.0192692e+02   9.8834615e+01   1.0925769e+02   8.9211538e+01   8.2073077e+01   8.3407692e+01   6.7765385e+01   6.9073077e+01   6.3773077e+01   5.7000000e+01   5.7623077e+01   5.6961538e+01   5.3457692e+01   4.9784615e+01
   1.0400000e+03   5.5876923e+02   3.4824231e+02   3.1258462e+02   2.3572308e+02   2.2216538e+02   1.5839615e+02   1.4548462e+02   1.2983077e+02   1.2483846e+02   1.0089615e+02   1.0445769e+02   8.7607692e+01   9.8288462e+01   8.7588462e+01   7.6388462e+01   7.4980769e+01   6.9980769e+01   6.7711538e+01   5.9138462e+01   5.7196154e+01   5.8411538e+01   6.2815385e+01   5.3100000e+01   4.7269231e+01
   1.0400000e+03   5.4930769e+02   3.5443462e+02   2.9798846e+02   2.5930385e+02   2.2023846e+02   1.5969615e+02   1.4957692e+02   1.5263462e+02   1.3013077e+02   1.2673462e+02   1.2536538e+02   1.0765385e+02   8.7426923e+01   8.0969231e+01   7.0969231e+01   8.1446154e+01   7.4134615e+01   8.4734615e+01   6.4965385e+01   6.3519231e+01   6.2030769e+01   5.9034615e+01   4.8803846e+01   4.9861538e+01
   1.0400000e+03   5.5284615e+02   3.5773846e+02   2.8538077e+02   2.8951538e+02   2.5068846e+02   1.7130385e+02   1.6067692e+02   1.4277308e+02   1.2174231e+02   1.0128077e+02   1.0592308e+02   9.2769231e+01   9.7488462e+01   7.9719231e+01   7.9092308e+01   7.1734615e+01   7.4430769e+01   8.2142308e+01   6.8992308e+01   6.5319231e+01   6.3296154e+01   5.9326923e+01   5.5988462e+01   4.7415385e+01
   1.0400000e+03   5.5147692e+02   3.5441538e+02   2.9624615e+02   2.5165769e+02   2.1435000e+02   1.5880000e+02   1.5786538e+02   1.5315385e+02   1.2576923e+02   1.1802308e+02   9.5557692e+01   9.1576923e+01   9.1092308e+01   7.6930769e+01   7.3715385e+01   7.3373077e+01   8.1284615e+01   6.2865385e+01   6.2615385e+01   5.8850000e+01   5.3319231e+01   5.8926923e+01   5.0553846e+01   5.1784615e+01
   1.0400000e+03   5.4538462e+02   4.6884615e+02   3.3151923e+02   2.3567308e+02   2.0760385e+02   2.2511154e+02   1.5026154e+02   1.6678462e+02   1.2585000e+02   1.3716154e+02   1.0512692e+02   8.9484615e+01   8.6000000e+01   9.6765385e+01   9.2923077e+01   7.7569231e+01   6.7403846e+01   7.0757692e+01   6.0780769e+01   7.3750000e+01   6.0600000e+01   6.4803846e+01   5.3869231e+01   5.1134615e+01
   1.0400000e+03   5.5927692e+02   4.9346154e+02   2.8516923e+02   2.4455385e+02   1.9976154e+02   2.0651538e+02   1.6340385e+02   1.2954231e+02   1.3658077e+02   1.0743846e+02   1.1205769e+02   1.0286538e+02   9.1723077e+01   1.0218846e+02   8.2292308e+01   7.5603846e+01   7.0780769e+01   7.1376923e+01   6.5476923e+01   5.6638462e+01   6.1326923e+01   6.5600000e+01   5.3623077e+01   5.4126923e+01
   1.0400000e+03   5.4370769e+02   3.6183462e+02   2.8422308e+02   2.3951923e+02   1.8923846e+02   1.7365385e+02   1.8510769e+02   1.4279615e+02   1.2924615e+02   1.1400769e+02   1.3246538e+02   9.1946154e+01   1.3945000e+02   9.9230769e+01   9.7950000e+01   7.7215385e+01   7.7238462e+01   7.6700000e+01   6.7650000e+01   5.6034615e+01   6.4584615e+01   5.8596154e+01   5.1096154e+01   5.3996154e+01
   1.0400000e+03   5.4107692e+02   3.5992308e+02   2.9249615e+02   3.0190385e+02   2.5829615e+02   2.3571154e+02   1.6142308e+02   1.4938846e+02   1.2858462e+02   1.2390000e+02   1.2076923e+02   1.0067308e+02   1.1730769e+02   9.2646154e+01   9.1673077e+01   9.0611538e+01   7.0311538e+01   6.7892308e+01   6.4865385e+01   6.3315385e+01   6.5665385e+01   5.4753846e+01   5.6207692e+01   5.8676923e+01
   1.0400000e+03   5.5284615e+02   3.5548846e+02   3.4021923e+02   2.7285385e+02   2.2251923e+02   1.9484615e+02   1.6483846e+02   1.5690769e+02   1.4173077e+02   1.2961923e+02   1.1296923e+02   1.1563077e+02   9.4630769e+01   8.9807692e+01   9.2942308e+01   9.6746154e+01   7.2438462e+01   8.1092308e+01   7.0492308e+01   6.6373077e+01   6.4915385e+01   6.1850000e+01   6.3365385e+01   5.5261538e+01
   1.0400000e+03   5.5284615e+02   3.6038846e+02   2.9073077e+02   2.3119231e+02   2.3308462e+02   2.0034615e+02   1.8700385e+02   1.4372308e+02   1.6900385e+02   1.0851538e+02   1.0348077e+02   1.1997692e+02   8.9780769e+01   8.6269231e+01   7.7680769e+01   7.4234615e+01   6.9569231e+01   7.7203846e+01   6.4842308e+01   5.6888462e+01   5.4011538e+01   5.1573077e+01   5.9207692e+01   4.8150000e+01
   1.0400000e+03   5.5478462e+02   4.8398846e+02   2.9099231e+02   2.2108462e+02   2.0863846e+02   1.9147308e+02   1.4890385e+02   1.2792308e+02   1.2219615e+02   1.0058846e+02   1.2206154e+02   9.2911538e+01   9.0326923e+01   9.0315385e+01   9.2757692e+01   8.3453846e+01   8.0003846e+01   7.5996154e+01   6.5003846e+01   5.5311538e+01   5.9938462e+01   5.4561538e+01   5.8392308e+01   4.9257692e+01
   1.0400000e+03   5.5770769e+02   3.5238077e+02   2.9174615e+02   2.5113077e+02   2.4264615e+02   2.1324615e+02   1.6521154e+02   1.5335769e+02   1.3621538e+02   1.2130769e+02   1.1409231e+02   9.1661538e+01   8.9723077e+01   9.1069231e+01   7.9996154e+01   7.6588462e+01   7.5469231e+01   6.2853846e+01   6.8946154e+01   6.0123077e+01   6.2265385e+01   5.1830769e+01   5.2030769e+01   5.3915385e+01
   1.0400000e+03   5.4284615e+02   3.5851923e+02   3.0520000e+02   2.6000385e+02   2.0698846e+02   1.6985385e+02   2.1696538e+02   2.1138846e+02   1.3663846e+02   1.5187308e+02   1.0198846e+02   1.1163462e+02   1.0166154e+02   7.8700000e+01   8.4346154e+01   7.1542308e+01   9.1265385e+01   8.4250000e+01   6.2926923e+01   6.3853846e+01   5.8057692e+01   5.0496154e+01   5.9150000e+01   5.5973077e+01
   1.0400000e+03   5.5147692e+02   3.5351923e+02   3.0944231e+02   2.3271154e+02   2.1555000e+02   2.3136154e+02   1.4845385e+02   1.5813077e+02   1.2878077e+02   1.1860000e+02   1.0266538e+02   1.0306923e+02   9.5773077e+01   7.9142308e+01   9.1100000e+01   7.0792308e+01   7.2696154e+01   8.1769231e+01   6.7676923e+01   6.3288462e+01   7.0188462e+01   6.0296154e+01   5.7103846e+01   5.1334615e+01
   1.0400000e+03   5.4700000e+02   4.7755769e+02   3.1532692e+02   2.4188462e+02   1.8262308e+02   2.0030000e+02   1.5018077e+02   1.4170000e+02   1.2595000e+02   1.2061154e+02   1.1529231e+02   9.5880769e+01   9.5526923e+01   8.4084615e+01   7.7507692e+01   8.3230769e+01   6.8830769e+01   7.1457692e+01   5.8061538e+01   6.5988462e+01   6.3796154e+01   5.7053846e+01   5.3253846e+01   5.2730769e+01
   1.0400000e+03   5.5478462e+02   3.5412692e+02   3.4698846e+02   2.8511923e+02   2.5015769e+02   1.7079231e+02   1.4815000e+02   1.3877692e+02   1.3360000e+02   1.0880000e+02   1.1741538e+02   9.9957692e+01   9.3153846e+01   1.0010385e+02   7.2880769e+01   8.2842308e+01   6.3523077e+01   7.8923077e+01   6.0800000e+01   6.8607692e+01   6.1830769e+01   5.2896154e+01   6.4630769e+01   5.5965385e+01
   1.0400000e+03   5.4700000e+02   4.7196154e+02   2.8913077e+02   2.2528077e+02   2.3993077e+02   1.7618462e+02   1.4856154e+02   1.4700385e+02   1.1725769e+02   1.3446538e+02   9.8092308e+01   9.9288462e+01   9.7796154e+01   7.8538462e+01   8.6515385e+01   8.0642308e+01   7.3276923e+01   6.3665385e+01   6.4142308e+01   6.5750000e+01   5.4192308e+01   6.8792308e+01   5.2788462e+01   4.9050000e+01
   1.0400000e+03   5.4284615e+02   3.5623846e+02   2.9568077e+02   2.5011154e+02   2.4879231e+02   1.8704231e+02   1.4668077e+02   1.2871923e+02   1.3096923e+02   1.1228462e+02   1.1662308e+02   9.3753846e+01   9.3219231e+01   7.5334615e+01   8.7134615e+01   7.6430769e+01   6.7146154e+01   6.2369231e+01   6.4746154e+01   5.4292308e+01   5.3719231e+01   5.3565385e+01   4.9857692e+01   5.7500000e+01
   1.0400000e+03   5.4855385e+02   4.7339615e+02   3.1273462e+02   2.3596923e+02   1.9899231e+02   1.7415000e+02   1.4665385e+02   1.3742308e+02   1.5915000e+02   1.2452692e+02   1.0497692e+02   1.0935769e+02   1.3580769e+02   8.2126923e+01   8.4738462e+01   7.1073077e+01   7.6792308e+01   6.7000000e+01   7.0169231e+01   6.2319231e+01   5.7100000e+01   5.5119231e+01   5.8553846e+01   5.5288462e+01
   1.0400000e+03   5.4455385e+02   3.5361923e+02   3.0550769e+02   2.8855000e+02   1.8159231e+02   1.6692308e+02   1.5073462e+02   1.5534231e+02   1.1725769e+02   1.0957692e+02   1.0969231e+02   1.0148846e+02   8.6380769e+01   8.1700000e+01   7.9880769e+01   7.3311538e+01   7.9957692e+01   6.5180769e+01   7.2180769e+01   5.7834615e+01   6.4950000e+01   5.8300000e+01   5.5096154e+01   5.1942308e+01
   1.0400000e+03   5.4284615e+02   4.7608846e+02   2.9051923e+02   2.7023077e+02   2.0812308e+02   1.6332692e+02   1.5476154e+02   1.4418846e+02   1.3252692e+02   1.2356154e+02   1.0573846e+02   9.1723077e+01   1.1825769e+02   9.1619231e+01   1.2110385e+02   7.2842308e+01   7.7457692e+01   7.6588462e+01   6.6207692e+01   7.2365385e+01   5.7453846e+01   5.4342308e+01   5.6265385e+01   4.8773077e+01
   1.0400000e+03   5.4196923e+02   3.5310769e+02   3.2696923e+02   2.5895000e+02   2.3801538e+02   2.0254231e+02   1.4463462e+02   1.4423462e+02   1.1708077e+02   1.0721923e+02   9.8138462e+01   1.0423077e+02   1.0592692e+02   9.2226923e+01   9.6650000e+01   8.3815385e+01   7.8080769e+01   6.3707692e+01   6.2815385e+01   5.8600000e+01   6.3873077e+01   5.4765385e+01   6.2350000e+01   5.4242308e+01
   1.0400000e+03   5.4538462e+02   3.5471923e+02   2.7707308e+02   2.6096538e+02   1.8405000e+02   1.8145000e+02   1.4910769e+02   2.0990385e+02   1.2044615e+02   1.3396538e+02   9.5392308e+01   9.9019231e+01   8.9242308e+01   9.8984615e+01   8.0950000e+01   7.3623077e+01   6.9719231e+01   6.2719231e+01   6.5076923e+01   5.8684615e+01   5.3357692e+01   5.3653846e+01   5.6276923e+01   4.5157692e+01
   1.0400000e+03   5.4107692e+02   4.0963846e+02   3.0372692e+02   2.6861538e+02   2.0689231e+02   1.6111923e+02   1.6853846e+02   1.4166154e+02   1.3255769e+02   1.1644615e+02   1.1635769e+02   9.1742308e+01   9.9884615e+01   9.3534615e+01   8.5138462e+01   7.6657692e+01   7.7788462e+01   7.1715385e+01   5.9638462e+01   7.5542308e+01   5.9526923e+01   5.5180769e+01   6.2588462e+01   5.8638462e+01
   1.0400000e+03   5.4855385e+02   4.7263077e+02   2.9891923e+02   2.6077308e+02   2.4730000e+02   1.6637308e+02   2.0630769e+02   1.4837692e+02   1.3215000e+02   1.0556154e+02   1.1615385e+02   1.0418846e+02   1.0014615e+02   8.7484615e+01   1.0660000e+02   7.7207692e+01   6.6842308e+01   7.0361538e+01   6.3726923e+01   5.9830769e+01   5.5323077e+01   6.2776923e+01   5.5742308e+01   5.6253846e+01
   1.0400000e+03   5.4284615e+02   3.5865769e+02   2.9990385e+02   2.4161538e+02   2.9728462e+02   1.7940000e+02   1.8462692e+02   1.6618846e+02   1.3735769e+02   1.0490385e+02   1.6196538e+02   1.0412692e+02   8.8353846e+01   1.0220385e+02   7.6088462e+01   7.2842308e+01   8.3526923e+01   6.5384615e+01   6.2684615e+01   5.6226923e+01   5.4830769e+01   5.6773077e+01   5.7396154e+01   5.3034615e+01
   1.0400000e+03   5.4778462e+02   3.6923846e+02   3.1529231e+02   2.5796154e+02   2.5270000e+02   1.6688077e+02   1.5508846e+02   1.3425000e+02   1.6342308e+02   1.1369231e+02   1.3027692e+02   1.2244615e+02   9.4142308e+01   8.3861538e+01   8.5138462e+01   7.6176923e+01   7.2700000e+01   7.1338462e+01   6.1369231e+01   5.8130769e+01   6.8057692e+01   6.1861538e+01   7.2926923e+01   5.9419231e+01
   1.0400000e+03   5.5147692e+02   3.5240769e+02   2.9154615e+02   2.3649231e+02   2.0903077e+02   1.6650000e+02   1.4460769e+02   1.4111538e+02   1.2067308e+02   1.1413077e+02   1.1553462e+02   9.4642308e+01   9.1946154e+01   9.1146154e+01   7.9846154e+01   6.8184615e+01   7.2938462e+01   6.6965385e+01   5.9873077e+01   6.1811538e+01   5.7192308e+01   5.2300000e+01   5.1903846e+01   4.9496154e+01
   1.0400000e+03   5.5824615e+02   3.5851923e+02   2.9588077e+02   2.4751538e+02   1.7943077e+02   1.9395000e+02   1.4955385e+02   1.5768846e+02   1.1294231e+02   1.0965769e+02   1.2038846e+02   1.1731538e+02   9.6311538e+01   9.8550000e+01   7.6450000e+01   7.0511538e+01   7.1180769e+01   6.7988462e+01   6.0380769e+01   6.1330769e+01   6.3176923e+01   5.3915385e+01   5.4423077e+01   5.0900000e+01
   1.0400000e+03   5.5824615e+02   3.5561538e+02   2.8906154e+02   2.4858846e+02   1.8055385e+02   2.0924615e+02   2.1782308e+02   1.5672308e+02   1.6198846e+02   1.1338077e+02   1.0660000e+02   9.3000000e+01   9.6792308e+01   8.5684615e+01   8.0711538e+01   8.0515385e+01   6.7546154e+01   6.2030769e+01   6.7303846e+01   5.8146154e+01   5.9311538e+01   5.8061538e+01   5.4403846e+01   5.2484615e+01
   1.0400000e+03   5.3830769e+02   3.5620385e+02   3.0756538e+02   2.5351538e+02   1.8178077e+02   1.9085000e+02   1.5650385e+02   1.3843077e+02   1.3155385e+02   1.1303462e+02   1.0625000e+02   1.1268077e+02   8.6838462e+01   1.0378846e+02   8.0157692e+01   9.4746154e+01   7.1888462e+01   6.6742308e+01   6.5084615e+01   6.0407692e+01   5.7438462e+01   5.8311538e+01   5.8434615e+01   5.5030769e+01
   1.0400000e+03   5.4620000e+02   3.5591538e+02   3.6507692e+02   2.3553462e+02   2.4021923e+02   1.7108077e+02   1.6094615e+02   1.5387692e+02   1.2090385e+02   1.3413077e+02   1.0584231e+02   1.0048846e+02   8.2496154e+01   8.6046154e+01   7.4373077e+01   7.1326923e+01   7.9907692e+01   6.3030769e+01   7.3696154e+01   6.0580769e+01   6.2761538e+01   5.6807692e+01   5.9596154e+01   4.9196154e+01
   1.0400000e+03   5.4620000e+02   3.5490000e+02   3.0685000e+02   2.6116538e+02   2.4066154e+02   2.0121923e+02   1.5355000e+02   1.2743462e+02   2.1044615e+02   1.1225385e+02   1.0280385e+02   9.7900000e+01   8.7200000e+01   8.7019231e+01   7.2903846e+01   7.4900000e+01   8.2850000e+01   6.2769231e+01   6.6488462e+01   6.0376923e+01   5.4419231e+01   5.6330769e+01   5.3657692e+01   5.1861538e+01
   1.0400000e+03   5.4016923e+02   4.0016923e+02   3.0222308e+02   2.2060385e+02   1.8749231e+02   1.6112692e+02   1.6201538e+02   1.4561538e+02   1.3443846e+02   1.2035769e+02   1.1527692e+02   9.6819231e+01   9.3561538e+01   8.4184615e+01   8.3915385e+01   7.7800000e+01   7.9038462e+01   7.7876923e+01   6.2726923e+01   5.5523077e+01   5.4442308e+01   6.0119231e+01   6.0150000e+01   5.4488462e+01
   1.0400000e+03   5.5004615e+02   3.5146923e+02   4.5405000e+02   2.5905385e+02   2.1157692e+02   1.6789231e+02   1.5283077e+02   1.3857308e+02   1.1693462e+02   1.1948462e+02   1.0096923e+02   1.0306154e+02   8.5703846e+01   7.7426923e+01   9.6034615e+01   7.1073077e+01   6.8007692e+01   7.2023077e+01   6.4573077e+01   6.1146154e+01   5.5711538e+01   5.3319231e+01   5.1453846e+01   5.8065385e+01
   1.0400000e+03   5.5540000e+02   3.5481923e+02   2.8326154e+02   2.6261538e+02   2.2359615e+02   1.6387692e+02   1.4472308e+02   2.9066154e+02   1.4125769e+02   1.1094231e+02   1.0397692e+02   9.1226923e+01   8.7969231e+01   8.5188462e+01   8.1430769e+01   6.7730769e+01   7.8611538e+01   6.5823077e+01   6.2038462e+01   7.1061538e+01   5.6588462e+01   5.2084615e+01   5.2800000e+01   4.8042308e+01
   1.0400000e+03   5.4620000e+02   3.5373846e+02   3.2696923e+02   2.5731154e+02   2.4974615e+02   1.6563077e+02   1.3053077e+02   1.5343846e+02   1.3162308e+02   1.0491538e+02   1.0790000e+02   9.6119231e+01   9.1642308e+01   9.1800000e+01   7.9823077e+01   7.8603846e+01   7.2461538e+01   6.6038462e+01   7.0503846e+01   6.6673077e+01   6.4223077e+01   5.5561538e+01   5.6476923e+01   5.3173077e+01
   1.0400000e+03   5.5076923e+02   4.7996154e+02   2.8500000e+02   2.2075000e+02   1.9074231e+02   1.6835000e+02   2.0584231e+02   1.4440385e+02   1.3367308e+02   1.1553846e+02   1.0196923e+02   9.7207692e+01   1.0261154e+02   8.5500000e+01   7.8857692e+01   6.9769231e+01   6.5169231e+01   6.7265385e+01   6.3842308e+01   6.6023077e+01   6.0973077e+01   5.5961538e+01   5.8207692e+01   5.2126923e+01
   1.0400000e+03   5.5147692e+02   3.5953846e+02   3.5203846e+02   2.6815769e+02   2.4098077e+02   1.7022308e+02   1.4530385e+02   1.2903077e+02   1.4134615e+02   1.2706538e+02   1.1811154e+02   1.1029231e+02   8.2984615e+01   1.0995769e+02   7.6615385e+01   9.2284615e+01   8.7969231e+01   7.7296154e+01   7.4292308e+01   6.0603846e+01   5.7480769e+01   5.5976923e+01   5.6323077e+01   4.8165385e+01
   1.0400000e+03   5.4778462e+02   3.5788077e+02   2.9880000e+02   2.2279231e+02   1.7887308e+02   1.5583077e+02   1.4002692e+02   1.3897308e+02   1.8333462e+02   1.1024615e+02   9.9638462e+01   9.6469231e+01   7.9734615e+01   9.0088462e+01   7.8523077e+01   8.3115385e+01   6.8623077e+01   6.9580769e+01   7.2696154e+01   6.3426923e+01   5.4273077e+01   5.1523077e+01   5.5634615e+01   5.4457692e+01
   1.0400000e+03   5.5415385e+02   3.5390385e+02   2.9677692e+02   2.4241923e+02   2.2978846e+02   1.9115769e+02   1.9886923e+02   1.4269231e+02   1.2290385e+02   1.2314231e+02   1.1037692e+02   9.1111538e+01   9.2384615e+01   8.8330769e+01   8.8488462e+01   7.0734615e+01   6.9226923e+01   7.1750000e+01   7.6376923e+01   6.2257692e+01   5.9484615e+01   5.6953846e+01   5.8330769e+01   5.6411538e+01
   1.0400000e+03   5.4107692e+02   3.5911154e+02   4.0144615e+02   2.1353462e+02   2.4073846e+02   2.0208462e+02   1.6802692e+02   2.3160000e+02   1.2520385e+02   1.2287692e+02   1.0641154e+02   1.1848077e+02   8.8115385e+01   9.2065385e+01   9.1330769e+01   9.8307692e+01   8.2850000e+01   7.1196154e+01   6.7130769e+01   5.9596154e+01   6.5665385e+01   5.5896154e+01   5.2392308e+01   5.1161538e+01
   1.0400000e+03   5.4930769e+02   3.6264231e+02   2.8765769e+02   2.6029615e+02   1.9320385e+02   2.0382308e+02   1.5928077e+02   1.2783462e+02   1.5188462e+02   1.2663077e+02   1.0183077e+02   9.9284615e+01   1.2118077e+02   9.0157692e+01   1.1345769e+02   7.1003846e+01   7.3926923e+01   6.7900000e+01   6.4053846e+01   6.0492308e+01   6.1030769e+01   5.8600000e+01   5.4769231e+01   5.0819231e+01
   1.0400000e+03   5.4700000e+02   3.6196154e+02   2.8562692e+02   2.6921154e+02   1.9716154e+02   1.7138462e+02   1.3601923e+02   1.6315385e+02   1.1685769e+02   1.1233846e+02   1.2619231e+02   1.2441538e+02   9.1707692e+01   9.5534615e+01   9.6153846e+01   7.9823077e+01   8.1319231e+01   6.3673077e+01   6.3200000e+01   7.6661538e+01   5.9376923e+01   6.6384615e+01   5.1338462e+01   5.1926923e+01
   1.0400000e+03   5.4455385e+02   4.6888462e+02   3.0410769e+02   2.3301538e+02   2.0192692e+02   1.9489231e+02   2.2271923e+02   1.7376923e+02   1.2211154e+02   1.5236923e+02   1.1157308e+02   1.0093077e+02   9.2515385e+01   8.6096154e+01   7.3853846e+01   8.1384615e+01   7.8696154e+01   7.7423077e+01   6.0734615e+01   6.2176923e+01   5.8511538e+01   5.6957692e+01   5.0438462e+01   5.1684615e+01
   1.0400000e+03   5.4778462e+02   3.5928846e+02   3.0578077e+02   2.6514615e+02   1.9496923e+02   1.5423846e+02   1.3874615e+02   2.0832692e+02   1.1439231e+02   1.1370000e+02   1.0349231e+02   1.0186923e+02   9.4565385e+01   8.2650000e+01   7.9165385e+01   8.3642308e+01   6.8280769e+01   6.6146154e+01   6.5211538e+01   7.2511538e+01   5.9392308e+01   5.7707692e+01   5.0207692e+01   5.1365385e+01
   1.0400000e+03   5.4538462e+02   4.6686538e+02   3.0570769e+02   2.6225769e+02   2.3717308e+02   1.7842692e+02   1.5822692e+02   1.3205385e+02   1.3321538e+02   1.2300385e+02   1.3013077e+02   1.0158077e+02   9.4392308e+01   8.4103846e+01   7.8865385e+01   6.9211538e+01   6.9650000e+01   7.2780769e+01   6.6165385e+01   6.7311538e+01   6.2376923e+01   5.6576923e+01   5.7611538e+01   5.2076923e+01
   1.0400000e+03   5.5147692e+02   3.5998846e+02   2.9345000e+02   2.5575769e+02   2.0919615e+02   1.7296923e+02   1.7508846e+02   1.7182692e+02   1.4450769e+02   1.1171538e+02   1.0851538e+02   1.0708846e+02   8.8392308e+01   9.6396154e+01   9.4400000e+01   7.0561538e+01   7.9076923e+01   6.6600000e+01   6.2042308e+01   6.3223077e+01   6.3523077e+01   5.8584615e+01   5.1519231e+01   5.4619231e+01
   1.0400000e+03   5.3735385e+02   3.6425769e+02   3.1805769e+02   2.4653462e+02   2.1390000e+02   1.7428077e+02   1.7080000e+02   1.2905000e+02   1.3316923e+02   1.1098462e+02   1.1191154e+02   1.0166154e+02   9.5803846e+01   9.2892308e+01   7.5065385e+01   6.8373077e+01   8.2884615e+01   6.8769231e+01   6.1746154e+01   6.1250000e+01   5.9115385e+01   6.0361538e+01   5.3519231e+01   5.3730769e+01
   1.0400000e+03   5.4538462e+02   3.5450769e+02   2.8595385e+02   2.3683462e+02   1.8966923e+02   2.3516923e+02   1.7430385e+02   1.5596923e+02   1.1943846e+02   1.0298846e+02   1.0636538e+02   1.0074615e+02   8.2146154e+01   8.6053846e+01   8.2600000e+01   7.8026923e+01   6.4607692e+01   6.8330769e+01   6.9696154e+01   7.1580769e+01   6.0684615e+01   5.0342308e+01   5.5242308e+01   5.5569231e+01
   1.0400000e+03   5.5824615e+02   3.5975385e+02   2.9193077e+02   2.4255769e+02   2.1038846e+02   2.1056154e+02   1.5526154e+02   1.4666923e+02   1.3498077e+02   1.0551538e+02   1.1230000e+02   9.6257692e+01   9.2803846e+01   8.4769231e+01   8.0619231e+01   8.7000000e+01   8.2192308e+01   7.3407692e+01   6.6296154e+01   6.2123077e+01   5.5307692e+01   5.3907692e+01   5.1634615e+01   5.4280769e+01
   1.0400000e+03   5.5415385e+02   3.6388846e+02   3.1367692e+02   2.3194231e+02   2.5275769e+02   1.6409231e+02   1.4417308e+02   1.3443077e+02   1.5401154e+02   1.4357308e+02   1.0817308e+02   9.1292308e+01   8.0680769e+01   8.4415385e+01   7.7057692e+01   8.0642308e+01   7.0726923e+01   6.9046154e+01   7.4980769e+01   6.4442308e+01   7.0150000e+01   5.3873077e+01   5.4415385e+01   5.5603846e+01
   1.0400000e+03   5.4538462e+02   3.6008846e+02   3.1211154e+02   2.6081154e+02   1.8951154e+02   2.3075000e+02   1.5104231e+02   1.3019231e+02   1.5727692e+02   1.3334231e+02   1.2918846e+02   1.1896154e+02   9.7530769e+01   9.1373077e+01   1.1263846e+02   7.6380769e+01   7.8800000e+01   7.0273077e+01   7.3576923e+01   5.7761538e+01   5.4815385e+01   5.8000000e+01   5.9246154e+01   5.6169231e+01
   1.0400000e+03   5.4370769e+02   3.5987692e+02   3.0278846e+02   2.2143462e+02   2.4706923e+02   1.5765385e+02   1.5741923e+02   1.3153462e+02   1.5214615e+02   1.1426923e+02   1.0456154e+02   1.1211538e+02   8.7746154e+01   1.1979231e+02   8.8838462e+01   7.6565385e+01   7.9830769e+01   6.3407692e+01   6.8326923e+01   6.2426923e+01   6.0038462e+01   5.6096154e+01   6.0338462e+01   6.1300000e+01
   1.0400000e+03   5.5147692e+02   3.5545385e+02   2.9205385e+02   2.2083077e+02   2.0718077e+02   1.7931923e+02   1.3509615e+02   1.4617692e+02   1.2011923e+02   1.0630000e+02   9.7469231e+01   1.0275385e+02   1.0063462e+02   8.3492308e+01   1.0847308e+02   7.4673077e+01   1.1565000e+02   6.7107692e+01   6.2438462e+01   6.4100000e+01   7.1069231e+01   5.1073077e+01   4.8776923e+01   5.8265385e+01
   1.0400000e+03   5.5004615e+02   4.8727308e+02   2.9924231e+02   2.2723462e+02   2.1278077e+02   2.3667308e+02   1.6104615e+02   1.5985769e+02   1.1993077e+02   1.0523846e+02   1.0410769e+02   1.0573077e+02   9.2996154e+01   9.6192308e+01   8.9150000e+01   8.7834615e+01   7.7988462e+01   7.2057692e+01   6.4876923e+01   6.2323077e+01   7.5503846e+01   5.7769231e+01   5.6273077e+01   5.5638462e+01
   1.0400000e+03   5.4620000e+02   3.6285000e+02   3.1271154e+02   2.6170000e+02   2.4525000e+02   1.7188846e+02   2.2095769e+02   1.4790385e+02   1.1968462e+02   1.3067692e+02   1.2116923e+02   8.8365385e+01   8.9219231e+01   8.8330769e+01   7.4384615e+01   7.3861538e+01   7.3980769e+01   7.4700000e+01   6.1115385e+01   5.9223077e+01   6.5107692e+01   6.4300000e+01   5.3900000e+01   5.0034615e+01
   1.0400000e+03   5.4196923e+02   4.6385385e+02   2.9440000e+02   2.7575769e+02   2.4840000e+02   1.7006154e+02   1.5778462e+02   1.5875769e+02   1.2000769e+02   1.2044615e+02   1.1048846e+02   9.3980769e+01   9.4246154e+01   9.8400000e+01   7.4250000e+01   7.7530769e+01   7.2065385e+01   6.7580769e+01   7.0611538e+01   6.5273077e+01   6.3350000e+01   6.8200000e+01   5.6407692e+01   5.5453846e+01
   1.0400000e+03   5.5876923e+02   3.5188462e+02   3.4213077e+02   2.4475000e+02   2.0551154e+02   1.9325385e+02   1.7473462e+02   1.3701538e+02   1.1958077e+02   1.2211154e+02   9.3007692e+01   9.4861538e+01   8.9403846e+01   1.0056923e+02   8.0792308e+01   7.5684615e+01   7.9684615e+01   6.5600000e+01   7.2196154e+01   7.2484615e+01   6.1069231e+01   6.0926923e+01   5.3676923e+01   5.0188462e+01
   1.0400000e+03   5.5770769e+02   3.5162308e+02   4.7249231e+02   2.6666923e+02   2.4570385e+02   1.6865385e+02   1.5661154e+02   1.4999231e+02   1.3411538e+02   1.1415385e+02   1.0820769e+02   9.6492308e+01   1.0300385e+02   9.1546154e+01   7.1646154e+01   7.7307692e+01   6.7373077e+01   6.6357692e+01   7.8273077e+01   7.1569231e+01   5.5315385e+01   5.7680769e+01   5.4173077e+01   5.1626923e+01
   1.0400000e+03   5.5076923e+02   3.4897692e+02   3.5021154e+02   4.3963462e+02   2.3591923e+02   1.9830385e+02   2.1149231e+02   1.3236154e+02   1.3020000e+02   1.0180000e+02   1.3369231e+02   1.0120769e+02   9.9392308e+01   9.0996154e+01   8.3850000e+01   8.4826923e+01   6.9903846e+01   7.0088462e+01   6.3757692e+01   6.2850000e+01   5.5900000e+01   6.0611538e+01   5.6676923e+01   4.8530769e+01
   1.0400000e+03   5.5415385e+02   4.8766923e+02   3.0081538e+02   2.8810385e+02   1.9434231e+02   1.6728846e+02   1.5346538e+02   1.3854615e+02   1.2046923e+02   1.3314615e+02   1.2476538e+02   8.9926923e+01   1.0113846e+02   7.8069231e+01   8.5942308e+01   7.5207692e+01   7.1592308e+01   6.7219231e+01   6.7353846e+01   6.2738462e+01   5.9815385e+01   5.3819231e+01   5.7788462e+01   5.2050000e+01
   1.0400000e+03   5.4538462e+02   3.5323846e+02   3.0790385e+02   2.3277692e+02   2.0797308e+02   1.5685769e+02   1.8213077e+02   1.5806923e+02   1.2343846e+02   1.0341154e+02   1.0805769e+02   1.0303462e+02   7.9380769e+01   8.6153846e+01   1.0818462e+02   8.2311538e+01   7.5765385e+01   8.2323077e+01   5.9403846e+01   5.8107692e+01   5.2750000e+01   5.3211538e+01   6.1103846e+01   5.2692308e+01
   1.0400000e+03   5.5600000e+02   4.8636154e+02   2.9503846e+02   2.8476154e+02   1.9380000e+02   1.9556538e+02   1.6326923e+02   1.5386538e+02   1.4154615e+02   1.1598462e+02   1.0426923e+02   9.4696154e+01   1.0462692e+02   8.2015385e+01   8.2415385e+01   7.3919231e+01   7.9807692e+01   6.2103846e+01   6.8976923e+01   6.4461538e+01   7.2011538e+01   5.7238462e+01   5.7419231e+01   5.1511538e+01
   1.0400000e+03   5.4016923e+02   4.5899231e+02   2.9551923e+02   2.1851923e+02   1.9675769e+02   1.6527692e+02   1.4286538e+02   1.3612308e+02   1.1586154e+02   1.1033846e+02   1.0230000e+02   9.1157692e+01   9.1438462e+01   8.6284615e+01   7.5207692e+01   7.2457692e+01   7.8376923e+01   6.5034615e+01   6.2600000e+01   7.0211538e+01   5.9376923e+01   5.4807692e+01   5.9046154e+01   5.0969231e+01
   1.0400000e+03   5.5076923e+02   4.7618462e+02   4.7458462e+02   2.3682308e+02   2.1705000e+02   1.6188077e+02   1.6211538e+02   1.2436154e+02   1.4629615e+02   1.0709231e+02   1.1871538e+02   9.1061538e+01   1.1156538e+02   9.0523077e+01   7.0842308e+01   8.9284615e+01   6.6330769e+01   7.9438462e+01   5.9361538e+01   6.4346154e+01   6.6953846e+01   6.2073077e+01   5.4838462e+01   5.6015385e+01
   1.0400000e+03   5.5147692e+02   4.8643077e+02   2.8806154e+02   2.9712692e+02   2.4155769e+02   2.2692692e+02   1.5481154e+02   1.2241923e+02   1.5651923e+02   1.2418077e+02   9.9765385e+01   9.5642308e+01   1.0937308e+02   8.7073077e+01   8.4369231e+01   7.1842308e+01   8.8738462e+01   6.6919231e+01   6.4500000e+01   6.3734615e+01   6.4946154e+01   5.8530769e+01   6.0257692e+01   4.7342308e+01
