   6.5976449e+00
   5.9477160e+00
   1.0811613e+01
   7.6560413e+00
   5.3282209e+00
   7.7600325e+00
   6.6759879e+00
   5.5620370e+00
   7.0268601e+00
   6.6764968e+00
   1.0967380e+01
   9.1537148e+00
   7.6905986e+00
   7.2538297e+00
   5.7794431e+00
   4.6846706e+00
   7.7511067e+00
   6.6678760e+00
   7.0194452e+00
   7.2953223e+00
   5.0050231e+00
   7.2898590e+00
   8.8041129e+00
   5.3932615e+00
   5.8200306e+00
   5.0204811e+00
   8.9644938e+00
   8.0825791e+00
   5.8989512e+00
   4.9045292e+00
   6.2143240e+00
   6.6336993e+00
   8.2353666e+00
   7.9217805e+00
   7.2098008e+00
   5.5654641e+00
   6.3305428e+00
   6.5504379e+00
   6.3473323e+00
   6.0368760e+00
   7.7876900e+00
   7.6674572e+00
   6.4862579e+00
   5.5217318e+00
   6.6829311e+00
   5.7556527e+00
   5.9931293e+00
   5.8182821e+00
   9.4629116e+00
   4.5062725e+00
   6.3917509e+00
   7.2168355e+00
   7.9122691e+00
   5.9230753e+00
   7.9063805e+00
   6.0122705e+00
   7.6372177e+00
   5.5490497e+00
   4.8662226e+00
   8.5549078e+00
   9.8126179e+00
   8.1694658e+00
   7.4270082e+00
   4.9840618e+00
   5.9578248e+00
   6.2742851e+00
   1.0690267e+01
   6.1713657e+00
   9.2689869e+00
   7.0508260e+00
   8.0394493e+00
   5.9887792e+00
   6.0321364e+00
   5.0307319e+00
   5.3369954e+00
   6.9986366e+00
   9.0600160e+00
   8.7131450e+00
   7.7371801e+00
   6.8824625e+00
   4.8872496e+00
   5.6083039e+00
   6.5003338e+00
   6.9045724e+00
   6.6063483e+00
   6.8340190e+00
   5.3009652e+00
   6.5662347e+00
   5.9305701e+00
   5.9313221e+00
   7.3978154e+00
   5.7279075e+00
   5.3058999e+00
   5.0416669e+00
   5.5520562e+00
   4.9156723e+00
   5.8220312e+00
   8.7201755e+00
   6.4959316e+00
   5.8132870e+00
