   4.9171010e+00
   6.2698858e+00
   5.7709517e+00
   5.1960017e+00
   3.3812274e+00
   4.3217931e+00
   4.1902653e+00
   3.2993839e+00
   4.1490187e+00
   4.3321124e+00
   3.9213854e+00
   4.9034130e+00
   4.5186988e+00
   3.2969469e+00
   4.1464776e+00
   2.8438886e+00
   3.7159403e+00
   3.5246044e+00
   4.7352404e+00
   3.5822059e+00
   3.8475702e+00
   5.6266263e+00
   5.1116205e+00
   3.3013247e+00
   4.4723589e+00
   4.2594645e+00
   7.4732164e+00
   4.9095281e+00
   3.4535189e+00
   3.2384381e+00
   4.8593655e+00
   4.1097748e+00
   4.1175892e+00
   3.8438581e+00
   4.1469033e+00
   4.0267565e+00
   3.6195136e+00
   4.7029663e+00
   3.8159096e+00
   4.0059117e+00
   3.7731084e+00
   4.5791957e+00
   3.3873361e+00
   2.8735531e+00
   4.1839267e+00
   3.7532960e+00
   6.0486231e+00
   5.0236149e+00
   4.0054978e+00
   2.6269067e+00
   4.2419388e+00
   5.0816393e+00
   5.3190153e+00
   4.1134597e+00
   4.2551791e+00
   4.3449580e+00
   3.2992685e+00
   4.0613602e+00
   3.9039712e+00
   4.6243103e+00
   2.7889392e+00
   3.6129481e+00
   3.8394758e+00
   3.0547815e+00
   3.3886843e+00
   3.9239603e+00
   3.5970018e+00
   4.1394267e+00
   5.4567923e+00
   5.3029720e+00
   4.7426759e+00
   4.1568510e+00
   4.8353917e+00
   3.6548686e+00
   5.0535924e+00
   3.8033190e+00
   4.0470284e+00
   4.1829588e+00
   4.4524905e+00
   3.6988019e+00
   3.2939250e+00
   3.3245316e+00
   4.5358864e+00
   5.1020691e+00
   4.4747479e+00
   3.7616072e+00
   4.0501912e+00
   3.6623829e+00
   4.0557457e+00
   3.9977422e+00
   5.3730286e+00
   3.1451858e+00
   4.6577077e+00
   5.4867849e+00
   3.6267396e+00
   2.8811552e+00
   4.1657784e+00
   5.1727248e+00
   3.1711188e+00
   3.4613211e+00
