   1.3907693e-01
   1.0191095e-01
   1.4025597e-01
   1.0549095e-01
   1.3077003e-01
   1.4465450e-01
   1.4222367e-01
   1.3821532e-01
   1.9270160e-01
   1.1767571e-01
   1.5310176e-01
   9.8792432e-02
   7.9960343e-02
   1.7160951e-01
   1.2246574e-01
   1.7424825e-01
   1.2508607e-01
   1.0322550e-01
   1.1317207e-01
   1.5294164e-01
   1.9809850e-01
   6.9202453e-02
   1.4596922e-01
   1.2789651e-01
   1.1935522e-01
   1.7104024e-01
   9.0136573e-02
   1.2474752e-01
   1.3394833e-01
   1.6705625e-01
   1.5536398e-01
   1.5638449e-01
   1.5324612e-01
   1.8121729e-01
   2.0522055e-01
   1.4584671e-01
   1.3084839e-01
   1.0916403e-01
   1.5115723e-01
   1.7645248e-01
   1.5544944e-01
   1.0690330e-01
   1.4897221e-01
   1.5194179e-01
   1.5344020e-01
   1.8053909e-01
   9.0264726e-02
   1.1195366e-01
   2.1807244e-01
   1.2383975e-01
   1.2806748e-01
   1.3641203e-01
   1.1783920e-01
   1.4787407e-01
   1.5615766e-01
   1.3130435e-01
   1.5002216e-01
   1.8160627e-01
   1.3092874e-01
   1.2351692e-01
   1.5137755e-01
   1.3208135e-01
   9.0260649e-02
   1.8026075e-01
   1.4614194e-01
   1.5706023e-01
   1.2640452e-01
   2.0599807e-01
   1.0661202e-01
   9.5815148e-02
   1.4496867e-01
   1.1398213e-01
   1.1404259e-01
   1.8766349e-01
   1.6182568e-01
   1.6930404e-01
   1.5622208e-01
   1.4260716e-01
   1.5060335e-01
   1.3116063e-01
   1.7205900e-01
   2.1123340e-01
   1.3529099e-01
   1.1747966e-01
   1.0970793e-01
   1.4503142e-01
   1.1642001e-01
   2.0008293e-01
   1.7569198e-01
   1.4551609e-01
   1.3120876e-01
   1.4685422e-01
   1.1561481e-01
   1.4364268e-01
   2.0156140e-01
   1.4197466e-01
   1.0050631e-01
   1.2313037e-01
   1.2850573e-01
   1.7126915e-01
