   9.0735918e-01
   8.6598227e-01
   9.1110125e-01
   8.7909484e-01
   8.7033273e-01
   8.9953857e-01
   8.8561801e-01
   9.1067991e-01
   8.9775657e-01
   8.7654250e-01
   8.9064484e-01
   8.8962655e-01
   8.8802357e-01
   8.9043457e-01
   8.8663207e-01
   8.7688684e-01
   8.8892662e-01
   8.7732139e-01
   8.5813661e-01
   8.6243981e-01
   8.6150003e-01
   8.6957914e-01
   8.5394049e-01
   8.6727803e-01
   8.8700724e-01
   9.0004360e-01
   8.6937803e-01
   8.8915756e-01
   8.4386570e-01
   8.5982321e-01
   8.9624850e-01
   8.6083057e-01
   9.0328363e-01
   8.6996296e-01
   8.6301541e-01
   9.0237149e-01
   8.7813697e-01
   9.1023470e-01
   8.7280402e-01
   8.9145444e-01
   8.7768450e-01
   8.3009318e-01
   8.7787531e-01
   8.7528828e-01
   8.4381886e-01
   8.8338090e-01
   8.7517943e-01
   9.0676710e-01
   8.8556993e-01
   8.9626622e-01
   9.1237161e-01
   8.6861936e-01
   8.9332931e-01
   9.0616308e-01
   8.8738724e-01
   8.6149532e-01
   9.0322752e-01
   8.6473864e-01
   8.6062089e-01
   8.7738677e-01
   8.9805387e-01
   8.6075022e-01
   8.7190227e-01
   8.9429285e-01
   9.0562460e-01
   8.3391517e-01
   8.4574938e-01
   9.0759754e-01
   8.9087879e-01
   9.0082567e-01
   7.9627226e-01
   8.7906575e-01
   8.7474502e-01
   8.3501891e-01
   8.9556715e-01
   8.7749078e-01
   8.7724718e-01
   9.0248811e-01
   8.6611184e-01
   8.4961202e-01
   8.6057524e-01
   8.6977210e-01
   9.1008643e-01
   8.7175177e-01
   8.5445251e-01
   8.8984181e-01
   8.5812514e-01
   8.3574608e-01
   8.5645774e-01
   8.5888578e-01
   8.8473794e-01
   8.7277029e-01
   8.2406970e-01
   8.9667412e-01
   8.8078946e-01
   9.0751959e-01
   8.9443957e-01
   8.8771340e-01
   8.8650236e-01
   8.0679942e-01
