   7.0885196e-02
   7.1946468e-02
   3.5572000e-02
   6.1619687e-02
   8.6288474e-02
   4.9855089e-02
   5.6435732e-02
   7.7149062e-02
   4.7594598e-02
   4.9901108e-02
   5.9991729e-02
   3.7980149e-02
   8.9269131e-02
   4.9859470e-02
   5.9382969e-02
   1.0204299e-01
   7.9625489e-02
   6.6577775e-02
   3.9140805e-02
   3.4599700e-02
   7.2720932e-02
   6.9889881e-02
   3.2901912e-02
   6.6933274e-02
   7.5580282e-02
   8.1633906e-02
   6.5888494e-02
   6.1584062e-02
   6.3823709e-02
   6.1368159e-02
   5.4867550e-02
   4.9319179e-02
   6.8754896e-02
   9.3621607e-02
   7.7913131e-02
   7.2631769e-02
   7.9683042e-02
   6.8544905e-02
   6.8677032e-02
   6.4105112e-02
   5.9469469e-02
   4.7652602e-02
   7.8210733e-02
   8.1290418e-02
   3.2992136e-02
   7.8991673e-02
   6.6567425e-02
   7.7562420e-02
   4.3415526e-02
   8.1136531e-02
   5.8634613e-02
   5.7794232e-02
   3.0556164e-02
   5.0440810e-02
   6.5120012e-02
   7.1756367e-02
   5.6691774e-02
   8.9504740e-02
   7.1010193e-02
   4.8874198e-02
   4.9525528e-02
   7.4892797e-02
   8.3509297e-02
   5.0246939e-02
   7.6237729e-02
   4.3761619e-02
   1.5937352e-02
   6.1773183e-02
   4.9005571e-02
   4.2357106e-02
   3.8315815e-02
   6.0466850e-02
   6.8341480e-02
   8.0161499e-02
   1.0385222e-01
   5.6393498e-02
   6.4601481e-02
   3.4840418e-02
   5.7032076e-02
   8.1777139e-02
   9.3468635e-02
   6.6101597e-02
   8.3322587e-02
   7.7609741e-02
   7.1359166e-02
   6.8785665e-02
   1.0650195e-01
   4.9698855e-02
   4.6242606e-02
   4.6991988e-02
   5.6610671e-02
   8.7843305e-02
   6.5433787e-02
   1.1478095e-01
   5.4362988e-02
   1.0885226e-01
   6.7009276e-02
   6.6081320e-02
   5.4983139e-02
   7.0307095e-02
