   8.3868628e-01
   7.9411180e-01
   7.9442945e-01
   7.9316366e-01
   7.5922430e-01
   6.6380667e-01
   7.4049321e-01
   7.9420100e-01
   7.7083482e-01
   7.7505589e-01
   7.8585536e-01
   8.4806947e-01
   8.3654146e-01
   7.3730904e-01
   8.6053498e-01
   8.0914009e-01
   7.5943620e-01
   7.8555486e-01
   7.8341979e-01
   7.1112809e-01
   8.1870641e-01
   7.9972633e-01
   8.3133363e-01
   7.4872838e-01
   8.3740305e-01
   6.0001668e-01
   8.1125482e-01
   8.2143302e-01
   5.7538279e-01
   7.5529071e-01
   7.6500708e-01
   7.9323434e-01
   8.1929127e-01
   8.0005055e-01
   7.6603300e-01
   8.1056613e-01
   8.0266249e-01
   7.5297852e-01
   7.5844303e-01
   7.7497654e-01
   7.3727478e-01
   7.3611345e-01
   6.7451652e-01
   7.6515768e-01
   6.2704746e-01
   8.1023093e-01
   7.9159499e-01
   7.9399298e-01
   7.9416834e-01
   7.9986668e-01
   8.1291209e-01
   7.7735173e-01
   8.3265215e-01
   7.5343872e-01
   7.5622929e-01
   6.9646343e-01
   7.9467622e-01
   7.7322011e-01
   7.5441639e-01
   7.7323818e-01
   8.4054126e-01
   7.7714519e-01
   7.4845176e-01
   7.6894667e-01
   7.8346790e-01
   7.7333389e-01
   7.8245518e-01
   8.0976487e-01
   8.1735475e-01
   7.8402224e-01
   7.7603274e-01
   7.6295921e-01
   8.0054321e-01
   8.3789409e-01
   7.4470632e-01
   7.6784953e-01
   8.7165038e-01
   7.1435926e-01
   7.5979416e-01
   8.4226354e-01
   7.9949043e-01
   6.8315347e-01
   7.7176585e-01
   7.8017446e-01
   7.6390592e-01
   7.7433007e-01
   7.9721167e-01
   8.0147730e-01
   7.9065480e-01
   8.4101832e-01
   8.1491675e-01
   8.0978364e-01
   8.1571655e-01
   7.7707052e-01
   7.7086881e-01
   8.2649228e-01
   7.7352686e-01
   6.8501906e-01
   8.4262321e-01
   7.1249055e-01
