   2.3323062e-02
   3.5312045e-02
   5.4940933e-02
   4.1531202e-02
   5.5585152e-02
   1.5748486e-02
   9.6418496e-03
   1.1167367e-02
   2.1133308e-02
   3.0742715e-02
   3.0256705e-02
   2.6756667e-02
   3.0036837e-02
   3.1860656e-02
   3.7243452e-02
   4.4319606e-02
   4.8461176e-02
   2.5436910e-02
   1.3564851e-02
   1.4503582e-02
   6.1628620e-02
   2.5271356e-02
   3.9360232e-02
   6.3076287e-03
   4.9616508e-02
   2.0407086e-02
   5.1230827e-03
   5.4604776e-02
   4.5364553e-03
   5.0807979e-03
   2.3739794e-02
   2.1710785e-03
   1.7176993e-02
   1.2888886e-02
   3.2238620e-02
   3.0990666e-02
   3.6279444e-02
   3.0885302e-02
   4.2078972e-02
   2.6831224e-02
   3.2264761e-02
   3.7254090e-03
   1.4418636e-02
   1.9980524e-02
   3.0124061e-02
   5.1835643e-02
   5.9542943e-03
   3.7658608e-03
   4.9020265e-02
   7.6799185e-03
   2.6912222e-02
   4.2270366e-02
   1.1665870e-02
   3.2019967e-03
   3.7368855e-02
   1.6198497e-02
   6.0759657e-02
   3.8726534e-02
   3.5673267e-02
   2.7710322e-02
   1.9964072e-02
   1.2771322e-02
   2.0224892e-03
   1.6589818e-02
   2.4048927e-02
   2.0347704e-02
   1.0409948e-02
   8.9953583e-03
   2.3791585e-02
   5.3528367e-02
   3.1154515e-02
   1.8413985e-02
   1.5921289e-02
   1.1953519e-03
   5.1554416e-03
   4.5261250e-02
   6.2924371e-02
   5.5742838e-02
   4.0220532e-02
   2.4483410e-02
   1.4106267e-03
   1.2581284e-02
   2.6094340e-02
   4.4178663e-02
   6.0789324e-02
   4.7579921e-03
   3.9357795e-02
   2.6334904e-02
   5.5487559e-02
   1.8011965e-02
   3.9771382e-02
   2.4061580e-02
   3.7235154e-02
   4.3994366e-02
   7.9542171e-03
   4.7941336e-02
   2.1100781e-02
   2.8434957e-02
   6.6251062e-02
   2.7113823e-02
