   8.9341868e-01
   8.2955403e-01
   8.0595247e-01
   8.4520042e-01
   8.3979012e-01
   8.1887610e-01
   8.3386666e-01
   8.6780698e-01
   8.5433852e-01
   8.0035056e-01
   8.4502705e-01
   8.6003731e-01
   8.3831794e-01
   8.4543540e-01
   8.7939216e-01
   8.4377537e-01
   8.5393966e-01
   8.5294644e-01
   8.7470796e-01
   8.4361968e-01
   8.3087358e-01
   8.3332750e-01
   8.1804365e-01
   8.2093880e-01
   8.7378698e-01
   8.2878420e-01
   8.4029654e-01
   8.5375706e-01
   7.6896512e-01
   8.3770083e-01
   8.1015338e-01
   8.5433465e-01
   8.7640693e-01
   8.5480616e-01
   8.2159397e-01
   8.6279098e-01
   8.2852974e-01
   8.5495072e-01
   8.7254796e-01
   8.0099109e-01
   7.8871345e-01
   8.1633383e-01
   7.8794113e-01
   8.1492718e-01
   8.2127170e-01
   8.6427327e-01
   8.6270377e-01
   8.5374245e-01
   8.5377436e-01
   8.6320803e-01
   8.8453460e-01
   8.2579380e-01
   8.7664200e-01
   8.5981639e-01
   8.4172094e-01
   8.0043025e-01
   8.6381550e-01
   8.3987937e-01
   8.4086045e-01
   8.4213894e-01
   8.7477855e-01
   8.4816963e-01
   8.3726666e-01
   8.3792117e-01
   8.8126234e-01
   8.2956239e-01
   8.3391222e-01
   8.4940942e-01
   8.4192725e-01
   8.6815033e-01
   8.0382450e-01
   8.3367967e-01
   8.3662567e-01
   8.4275440e-01
   8.1358896e-01
   8.0260365e-01
   8.3626280e-01
   8.2517082e-01
   8.1826709e-01
   8.5958427e-01
   8.2424315e-01
   7.1507494e-01
   8.2416119e-01
   8.3134492e-01
   8.2395149e-01
   8.4943443e-01
   8.5986895e-01
   8.1653976e-01
   8.2403935e-01
   8.6249201e-01
   8.2610364e-01
   8.8110115e-01
   8.4926674e-01
   8.4132587e-01
   8.8249754e-01
   8.6264429e-01
   8.5114505e-01
   8.3436629e-01
   8.3964762e-01
   7.7242780e-01
