   1.8030003e+00
   2.4556940e+00
   2.0086119e+00
   1.8747112e+00
   2.1270845e+00
   2.2741126e+00
   1.9647908e+00
   2.0037550e+00
   2.3649155e+00
   2.1689977e+00
   1.8199126e+00
   2.0832390e+00
   2.1055139e+00
   1.9774189e+00
   2.1586483e+00
   2.1165080e+00
   2.4121314e+00
   2.0521737e+00
   1.8186265e+00
   2.2232980e+00
   2.2488581e+00
   2.6406442e+00
   1.6970341e+00
   2.1047738e+00
   2.4257619e+00
   2.2895955e+00
   1.9477569e+00
   2.1994000e+00
   2.1297710e+00
   1.7516531e+00
   2.5303020e+00
   1.9823686e+00
   1.6741726e+00
   2.1393462e+00
   2.0093141e+00
   2.0379791e+00
   2.2549668e+00
   2.0374850e+00
   2.1608218e+00
   2.0185300e+00
   2.6790965e+00
   2.1800872e+00
   2.1449765e+00
   1.9410440e+00
   2.3221044e+00
   2.2976486e+00
   2.2271663e+00
   2.0158247e+00
   2.1518348e+00
   1.7351373e+00
   2.7914985e+00
   2.0714463e+00
   1.9907697e+00
   2.0160171e+00
   2.1205712e+00
   2.0472125e+00
   1.8028780e+00
   1.9593895e+00
   2.2231794e+00
   1.8701871e+00
   1.9527524e+00
   1.9644856e+00
   1.8377898e+00
   1.9634920e+00
   2.2594312e+00
   2.6090962e+00
   1.9880388e+00
   2.0273738e+00
   2.2386173e+00
   1.9921803e+00
   2.4797007e+00
   2.1713720e+00
   2.4105939e+00
   1.8972903e+00
   2.3283568e+00
   2.3318302e+00
   2.2274175e+00
   1.6015071e+00
   2.1329177e+00
   2.3569666e+00
   1.7146541e+00
   1.7001960e+00
   2.5257500e+00
   2.2512176e+00
   1.8723367e+00
   2.2359279e+00
   2.0490560e+00
   2.2077490e+00
   2.3900349e+00
   2.2951280e+00
   1.9300114e+00
   2.3091106e+00
   2.5348439e+00
   2.5289401e+00
   1.7422995e+00
   1.8677524e+00
   1.6306863e+00
   2.4843080e+00
   2.0608823e+00
   2.0617200e+00
