   4.9291845e-02
   2.2385738e-02
   8.3523674e-03
   4.0645428e-02
   4.0088678e-02
   2.5967407e-02
   2.2680618e-02
   3.9125944e-02
   2.4974997e-02
   1.5026485e-02
   3.0790321e-02
   1.6102298e-02
   2.1156272e-02
   3.3658993e-02
   2.0155186e-02
   2.7523297e-02
   2.0564507e-02
   2.0029116e-02
   3.4026650e-02
   1.8131915e-02
   2.6631913e-02
   3.6252213e-02
   2.6781185e-02
   2.9738992e-02
   3.9231265e-02
   3.5345296e-02
   2.1563816e-02
   2.9637646e-02
   1.7509824e-02
   2.2396258e-02
   2.4112888e-02
   4.6704812e-02
   6.3593231e-02
   2.9102320e-02
   3.1276886e-02
   3.0709461e-02
   2.9463125e-02
   2.3835201e-02
   5.6137253e-02
   4.6301154e-02
   4.1569119e-02
   2.1361696e-02
   3.6933773e-02
   4.7339663e-02
   3.4403612e-02
   3.8920022e-02
   2.6545764e-02
   2.6449681e-02
   2.6699308e-02
   2.6523065e-02
   2.0830030e-02
   3.0671323e-02
   2.5769348e-02
   2.3110995e-02
   3.5547120e-02
   3.3601224e-02
   4.7614062e-02
   5.6857671e-02
   2.9047870e-02
   1.4898292e-02
   2.2225863e-02
   3.0270575e-02
   4.3136247e-02
   1.9863629e-02
   3.2891692e-02
   2.1180441e-02
   1.9579249e-02
   3.6381630e-02
   1.9557058e-02
   1.8238946e-02
   2.3183515e-02
   2.1625601e-02
   2.7495325e-02
   4.0514672e-02
   3.7351902e-02
   4.9655221e-02
   3.1584614e-02
   2.9389577e-02
   2.2001782e-02
   3.8278274e-02
   4.5589649e-02
   1.9523311e-02
   1.2223773e-02
   2.2193466e-02
   2.5246106e-02
   2.4162347e-02
   5.8565210e-02
   4.4446267e-02
   3.5312171e-02
   1.9190445e-02
   1.6132254e-02
   3.2092801e-02
   3.0747179e-02
   4.1844578e-02
   4.2987612e-02
   3.9233555e-02
   3.2386385e-02
   2.2884529e-02
   2.1115351e-02
   5.3792697e-02
