   5.4321944e+00
   8.9108987e+00
   2.1121575e+01
   6.2921292e+00
   4.4603058e+00
   6.2324440e+00
   7.0675187e+00
   4.9977580e+00
   6.8361408e+00
   7.9071452e+00
   3.8417921e+00
   5.7406104e+00
   1.0036770e+01
   4.7400589e+00
   4.0671188e+00
   4.1314500e+00
   9.3703261e+00
   4.7197462e+00
   5.7451342e+00
   5.8768412e+00
   4.3990959e+00
   5.5967851e+00
   7.2483588e+00
   4.3393607e+00
   5.6502478e+00
   4.3011484e+00
   8.5057472e+00
   1.0184667e+01
   4.8672898e+00
   5.3945655e+00
   6.5226367e+00
   4.5398539e+00
   3.5493379e+00
   4.2889462e+00
   9.6520609e+00
   5.9852891e+00
   4.2825464e+00
   5.6570853e+00
   4.9029529e+00
   5.3649331e+00
   5.0868929e+00
   4.4273154e+00
   5.3019673e+00
   4.2738880e+00
   6.3195464e+00
   4.6376527e+00
   6.7759063e+00
   4.6691681e+00
   8.1547707e+00
   3.4489112e+00
   5.5327919e+00
   5.2655000e+00
   6.1093630e+00
   4.8104768e+00
   6.2160366e+00
   4.0381973e+00
   5.0543604e+00
   4.6454176e+00
   5.0858540e+00
   1.1561190e+01
   7.5738893e+00
   5.2085071e+00
   4.4003128e+00
   3.9532516e+00
   6.8455937e+00
   7.5745119e+00
   8.6335387e+00
   5.9000930e+00
   1.0442837e+01
   8.7997772e+00
   6.6737115e+00
   6.2139418e+00
   5.4732747e+00
   6.6928820e+00
   7.2149190e+00
   4.4514438e+00
   7.9215868e+00
   8.7594967e+00
   6.1500571e+00
   4.9162777e+00
   3.4208295e+00
   3.8721869e+00
   1.2678382e+01
   9.1638030e+00
   9.1195857e+00
   5.5312712e+00
   4.2981814e+00
   5.0281071e+00
   5.0124472e+00
   6.1272797e+00
   1.3029340e+01
   5.9192702e+00
   4.6626690e+00
   5.7955422e+00
   4.9846389e+00
   6.1613622e+00
   3.7672091e+00
   6.9048951e+00
   8.8180067e+00
   4.4243650e+00
