   7.7914474e-01
   7.1692926e-01
   7.2654131e-01
   6.6643301e-01
   7.1017907e-01
   7.1082661e-01
   7.2272807e-01
   6.9358757e-01
   7.0623368e-01
   7.1603954e-01
   7.4461307e-01
   7.5751273e-01
   7.3141952e-01
   7.0842666e-01
   7.2380228e-01
   7.3148385e-01
   7.0943738e-01
   6.6423236e-01
   7.8339280e-01
   7.3054907e-01
   7.1683847e-01
   7.3744369e-01
   7.1179911e-01
   6.5115314e-01
   7.1508512e-01
   7.5107020e-01
   7.2548050e-01
   7.3289820e-01
   6.2473342e-01
   6.7880055e-01
   7.2534374e-01
   6.9753770e-01
   7.4961546e-01
   7.2702056e-01
   7.7076119e-01
   7.3241950e-01
   6.3803699e-01
   7.3086133e-01
   7.2754777e-01
   6.2529783e-01
   6.8747291e-01
   6.9759999e-01
   6.8686915e-01
   6.2429009e-01
   6.6735174e-01
   7.6174488e-01
   7.3276563e-01
   7.4127182e-01
   7.1859159e-01
   6.7495448e-01
   7.2198183e-01
   6.9697653e-01
   7.0556463e-01
   6.9820259e-01
   7.1400434e-01
   6.7450997e-01
   6.9347405e-01
   7.1519620e-01
   7.2628815e-01
   7.1044986e-01
   7.5225875e-01
   7.1033083e-01
   6.9454922e-01
   6.9965080e-01
   6.7795220e-01
   7.1023561e-01
   6.8200390e-01
   7.0665810e-01
   7.2928918e-01
   7.4973564e-01
   7.5296811e-01
   7.2708980e-01
   7.1809596e-01
   7.6446685e-01
   6.4405092e-01
   6.7441485e-01
   7.2835406e-01
   7.0760973e-01
   6.7018930e-01
   6.9935725e-01
   7.0336768e-01
   7.2166036e-01
   7.0180253e-01
   6.6232276e-01
   7.3758248e-01
   7.5753970e-01
   7.3565489e-01
   7.4623138e-01
   7.0331526e-01
   6.7371550e-01
   7.7080899e-01
   7.3426037e-01
   7.0307527e-01
   7.3917329e-01
   7.6570912e-01
   7.3209922e-01
   6.5560411e-01
   7.4974820e-01
   6.8774291e-01
   6.4328405e-01
