   5.1165600e-02   2.8768600e-02   2.1487800e-02   1.7498700e-02   1.4386800e-02   1.4926300e-02   1.2459900e-02   1.2321800e-02   1.1313600e-02   1.1056100e-02   1.1272800e-02   1.1637900e-02   1.1483700e-02   1.1989000e-02   1.1794800e-02   1.2298500e-02   1.2406800e-02   1.3577700e-02   1.2078000e-02   1.2975900e-02   1.2375100e-02   1.2837500e-02   1.2712000e-02   1.3779400e-02   1.3976500e-02
   5.1569200e-02   2.8544700e-02   2.0560700e-02   1.6865500e-02   1.4794800e-02   1.5004100e-02   1.3131100e-02   1.3490800e-02   1.1373700e-02   1.1720800e-02   1.1511000e-02   1.0508200e-02   1.1174200e-02   1.0800300e-02   1.1897300e-02   1.1162700e-02   1.1252700e-02   1.1785400e-02   1.1863200e-02   1.2186100e-02   1.2941600e-02   1.2213000e-02   1.3430100e-02   1.3088300e-02   1.3579700e-02
   4.9837300e-02   2.7709200e-02   2.5365700e-02   1.6213000e-02   1.4565200e-02   1.2276400e-02   1.4933700e-02   1.1929200e-02   1.1643600e-02   1.0469100e-02   1.0319400e-02   1.0982900e-02   1.1157000e-02   1.1207600e-02   1.1650000e-02   1.0883200e-02   1.1417100e-02   1.1421700e-02   1.1159600e-02   1.2171400e-02   1.3057500e-02   1.4528500e-02   1.2776200e-02   1.3610500e-02   1.3851200e-02
   5.0535000e-02   2.8326200e-02   2.4859300e-02   1.6332000e-02   1.4207000e-02   1.3827000e-02   1.5357200e-02   1.1841800e-02   1.1389300e-02   1.1560800e-02   1.0884900e-02   1.0978200e-02   1.2514500e-02   1.0961300e-02   1.1564700e-02   1.0958800e-02   1.1853000e-02   1.1818900e-02   1.1692800e-02   1.2507000e-02   1.2635700e-02   1.2943200e-02   1.3122600e-02   1.3217300e-02   1.4305000e-02
   5.1444100e-02   2.8733800e-02   2.5992900e-02   1.6563700e-02   1.5614900e-02   1.5171200e-02   1.4447300e-02   1.1710900e-02   1.1034300e-02   1.1219900e-02   1.4863500e-02   1.1253000e-02   1.0990400e-02   1.0788900e-02   1.1228400e-02   1.1557700e-02   1.1568900e-02   1.1661700e-02   1.2258500e-02   1.2012400e-02   1.2948600e-02   1.2767400e-02   1.3033800e-02   1.3205000e-02   1.3230700e-02
   5.0761500e-02   2.7752400e-02   1.9035800e-02   1.6284600e-02   1.3430700e-02   1.1692900e-02   1.3428000e-02   1.1932100e-02   1.1021900e-02   1.1300100e-02   1.0951300e-02   1.1393100e-02   1.1180000e-02   1.1122100e-02   1.1480600e-02   1.1441000e-02   1.1253700e-02   1.1670000e-02   1.1330400e-02   1.1685900e-02   1.2318800e-02   1.2578800e-02   1.3187000e-02   1.3130500e-02   1.3107200e-02
   5.0663700e-02   2.8010400e-02   1.9260500e-02   1.6538200e-02   1.4628400e-02   1.3545800e-02   1.3677000e-02   1.3645400e-02   1.1390900e-02   1.1135400e-02   1.1084700e-02   1.1153600e-02   1.1177200e-02   1.2522500e-02   1.0976000e-02   1.3394600e-02   1.1888000e-02   1.2191500e-02   1.1827000e-02   1.1885800e-02   1.3098800e-02   1.3040400e-02   1.3158200e-02   1.3330100e-02   1.4124000e-02
   4.9642500e-02   2.7965100e-02   1.9280900e-02   1.6268100e-02   1.4227600e-02   1.3067600e-02   1.1280000e-02   1.2017800e-02   1.1668600e-02   1.1598500e-02   1.0309600e-02   1.1305700e-02   1.1481400e-02   1.1263800e-02   1.0553100e-02   1.1345800e-02   1.1028000e-02   1.1652100e-02   1.1840900e-02   1.2147300e-02   1.2261900e-02   1.2548100e-02   1.3345200e-02   1.3221900e-02   1.4125200e-02
   5.0879300e-02   2.8316000e-02   1.9386900e-02   1.5995800e-02   1.4609400e-02   1.3005000e-02   1.3349100e-02   1.1894500e-02   1.1295800e-02   1.1992000e-02   1.1367900e-02   1.0901200e-02   1.0930600e-02   1.1230000e-02   1.1131600e-02   1.1565400e-02   1.0980000e-02   1.1412200e-02   1.2263800e-02   1.3111200e-02   1.2457000e-02   1.2151100e-02   1.3196200e-02   1.3528400e-02   1.3354800e-02
   5.0292900e-02   2.7673900e-02   1.9167700e-02   1.6399600e-02   1.5867800e-02   1.2835700e-02   1.5087600e-02   1.4116000e-02   1.1739800e-02   1.5654800e-02   1.2539700e-02   1.0395900e-02   1.0636600e-02   1.0922700e-02   1.1888300e-02   1.0939200e-02   1.1033700e-02   1.2917600e-02   1.1943400e-02   1.2302000e-02   1.2516500e-02   1.2426400e-02   1.3143700e-02   1.3609100e-02   1.3511800e-02
   5.0775100e-02   2.9254300e-02   1.9323300e-02   1.7752200e-02   1.4461700e-02   1.2267000e-02   1.4389100e-02   1.4605600e-02   1.2078200e-02   1.1414600e-02   1.0232600e-02   1.1245600e-02   1.1038000e-02   1.1319800e-02   1.1298200e-02   1.0943900e-02   1.2475500e-02   1.1911700e-02   1.2155800e-02   1.2391300e-02   1.2278200e-02   1.3062900e-02   1.2711900e-02   1.3300300e-02   1.4015900e-02
   5.1580000e-02   2.9031100e-02   2.0135400e-02   1.9285500e-02   1.8480100e-02   1.3118500e-02   1.3384100e-02   1.3000800e-02   1.2202500e-02   1.2263300e-02   1.4673700e-02   1.0683600e-02   1.1437300e-02   1.0904000e-02   1.1548700e-02   1.1829100e-02   1.3330900e-02   1.2063500e-02   1.2138600e-02   1.2310200e-02   1.2547800e-02   1.2695800e-02   1.3054600e-02   1.3301500e-02   1.3714600e-02
   5.0663800e-02   2.8704400e-02   2.5521700e-02   1.6321300e-02   1.5372900e-02   1.4785300e-02   1.4458800e-02   1.1427100e-02   1.1577100e-02   1.0945200e-02   1.1137800e-02   1.0568700e-02   1.1340700e-02   1.0234300e-02   1.0941400e-02   1.1022100e-02   1.1283800e-02   1.1678200e-02   1.1287400e-02   1.2492900e-02   1.2238700e-02   1.3104300e-02   1.3360200e-02   1.3213700e-02   1.3835700e-02
   5.1292000e-02   2.8985200e-02   1.9346200e-02   1.6859300e-02   1.5312700e-02   1.4067200e-02   1.2298900e-02   1.2740400e-02   1.0934900e-02   1.2653700e-02   1.1280900e-02   1.1487000e-02   1.1400300e-02   1.1230800e-02   1.1018700e-02   1.1535500e-02   1.2097100e-02   1.1353700e-02   1.2322500e-02   1.1830200e-02   1.2906300e-02   1.2421100e-02   1.2616900e-02   1.3185900e-02   1.3820100e-02
   5.1215400e-02   2.7371900e-02   1.8980800e-02   1.7071200e-02   2.1739000e-02   1.5178800e-02   1.3044500e-02   1.1900700e-02   1.1646600e-02   1.1412500e-02   1.2014100e-02   1.1575500e-02   1.1897600e-02   1.1097800e-02   1.1048800e-02   1.1502400e-02   1.2776400e-02   1.1062300e-02   1.1770700e-02   1.1585600e-02   1.1972700e-02   1.2534200e-02   1.3332300e-02   1.3363300e-02   1.3460000e-02
   5.1348100e-02   2.7772100e-02   1.9015700e-02   1.7379800e-02   1.3851300e-02   1.2102800e-02   1.4261800e-02   1.1122700e-02   1.1403100e-02   1.1022200e-02   1.0953400e-02   1.1155100e-02   1.0592600e-02   1.1376300e-02   1.1799500e-02   1.1046900e-02   1.1532600e-02   1.1433400e-02   1.1628300e-02   1.1768500e-02   1.2860900e-02   1.2599900e-02   1.2763300e-02   1.3276700e-02   1.3778900e-02
   5.2097400e-02   2.9735000e-02   1.9746700e-02   1.7965700e-02   1.5701100e-02   1.4853700e-02   1.2537400e-02   1.1711500e-02   1.2448000e-02   1.1462700e-02   1.1332400e-02   1.0718900e-02   1.1172400e-02   1.1660700e-02   1.1865600e-02   1.1339900e-02   1.2108100e-02   1.1730800e-02   1.2199200e-02   1.2124200e-02   1.2496000e-02   1.3129800e-02   1.3375700e-02   1.2829500e-02   1.3600800e-02
   5.0534100e-02   2.8781600e-02   1.9226800e-02   1.8789900e-02   1.4269600e-02   1.4887500e-02   1.3398100e-02   1.1370600e-02   1.0977000e-02   1.0709000e-02   1.0642600e-02   1.1961200e-02   1.0948800e-02   1.0798200e-02   1.0906400e-02   1.2378300e-02   1.1258100e-02   1.1510500e-02   1.1758300e-02   1.1943100e-02   1.2574900e-02   1.2773800e-02   1.2989200e-02   1.3068500e-02   1.3468800e-02
   5.1226400e-02   2.8761000e-02   1.9245300e-02   1.7417400e-02   1.7117400e-02   1.2173500e-02   1.2599400e-02   1.3342900e-02   1.2625000e-02   1.1082400e-02   1.0606200e-02   1.1323800e-02   1.1205400e-02   1.0915800e-02   1.1000600e-02   1.0543700e-02   1.1548900e-02   1.1815200e-02   1.1491100e-02   1.1864300e-02   1.2255000e-02   1.1900700e-02   1.2783600e-02   1.3194300e-02   1.3878400e-02
   5.0987600e-02   3.0477500e-02   1.9489800e-02   1.6832300e-02   1.6150400e-02   1.4732200e-02   1.3844200e-02   1.1719200e-02   1.2430800e-02   1.1136200e-02   1.1229700e-02   1.1238500e-02   1.0731300e-02   1.0649100e-02   1.1093900e-02   1.0609800e-02   1.1757800e-02   1.2229300e-02   1.1643700e-02   1.1647700e-02   1.2333300e-02   1.2952600e-02   1.3069500e-02   1.3097200e-02   1.3598400e-02
   5.1222200e-02   2.8344800e-02   1.9421100e-02   1.6526300e-02   1.6147700e-02   1.5460500e-02   1.5297200e-02   1.1515300e-02   1.0902900e-02   1.3628200e-02   1.1067100e-02   1.1011400e-02   1.2133100e-02   1.1512000e-02   1.0376100e-02   1.1088500e-02   1.2449600e-02   1.1303400e-02   1.1701400e-02   1.1749800e-02   1.2043400e-02   1.2890200e-02   1.3397700e-02   1.3923200e-02   1.3270800e-02
   5.2627700e-02   3.0103200e-02   2.0030600e-02   1.6667400e-02   1.4117300e-02   1.5227200e-02   1.5579500e-02   1.1351500e-02   1.4440400e-02   1.1195200e-02   1.0959800e-02   1.1225500e-02   1.0866600e-02   1.1201800e-02   1.0838500e-02   1.0888500e-02   1.1842000e-02   1.2306600e-02   1.1871800e-02   1.3188200e-02   1.2215600e-02   1.3124300e-02   1.2727400e-02   1.3474200e-02   1.3351300e-02
   5.0616600e-02   2.7673100e-02   1.9209100e-02   1.6680200e-02   1.3989800e-02   1.2914500e-02   1.1861900e-02   1.3180000e-02   1.2435200e-02   1.1302000e-02   1.1211700e-02   1.0790100e-02   1.1634400e-02   1.2873500e-02   1.1740100e-02   1.0822500e-02   1.1680900e-02   1.1121500e-02   1.2410800e-02   1.2617200e-02   1.2180700e-02   1.2769600e-02   1.2700500e-02   1.3815000e-02   1.3562300e-02
   5.0615800e-02   2.9491000e-02   2.1000300e-02   1.7096000e-02   1.5961100e-02   1.3198300e-02   1.4120700e-02   1.1796400e-02   1.4430500e-02   1.1893200e-02   1.0474000e-02   1.1628200e-02   1.0861100e-02   1.1034600e-02   1.2180400e-02   1.1685000e-02   1.1638000e-02   1.1862100e-02   1.1323500e-02   1.1722600e-02   1.2269900e-02   1.2730300e-02   1.3219400e-02   1.3417100e-02   1.4550100e-02
   5.3740700e-02   2.7714000e-02   1.9194800e-02   1.6670600e-02   1.5323500e-02   1.2009800e-02   1.1725100e-02   1.3998300e-02   1.1419300e-02   1.1755500e-02   1.0727700e-02   1.0732200e-02   1.1455300e-02   1.0707100e-02   1.1397000e-02   1.1047800e-02   1.1671500e-02   1.1784300e-02   1.1498000e-02   1.2097300e-02   1.2298800e-02   1.2142600e-02   1.2456200e-02   1.2675100e-02   1.2905100e-02
   5.1794100e-02   2.8660600e-02   2.2431800e-02   1.7647600e-02   1.4859900e-02   1.2350200e-02   1.2911900e-02   1.3211600e-02   1.1962200e-02   1.1860800e-02   1.1576300e-02   1.3202000e-02   1.1125500e-02   1.0998000e-02   1.1043400e-02   1.1737800e-02   1.2951500e-02   1.2721500e-02   1.2511100e-02   1.2292800e-02   1.2219900e-02   1.2580500e-02   1.4074700e-02   1.3303300e-02   1.3455600e-02
   4.9839300e-02   2.8220700e-02   1.9682200e-02   1.9035000e-02   1.4753500e-02   1.3771800e-02   1.1792500e-02   1.0437200e-02   1.1655700e-02   1.0922000e-02   1.0637400e-02   1.0516700e-02   1.0575900e-02   1.1033500e-02   1.0914900e-02   1.2029600e-02   1.0939300e-02   1.1629200e-02   1.1613300e-02   1.1727900e-02   1.2319000e-02   1.2198100e-02   1.3306700e-02   1.2728000e-02   1.2991300e-02
   5.0683200e-02   2.8275700e-02   2.5309000e-02   1.6187500e-02   1.4562100e-02   1.2085900e-02   1.4399300e-02   1.2018800e-02   1.1610300e-02   1.1572400e-02   1.0884600e-02   1.1997700e-02   1.0390200e-02   1.1240200e-02   1.1129900e-02   1.1190000e-02   1.1495700e-02   1.2457700e-02   1.2342700e-02   1.1625600e-02   1.2681400e-02   1.2592100e-02   1.2887700e-02   1.2884500e-02   1.3879500e-02
   5.0615400e-02   2.8506900e-02   2.1887100e-02   1.7185400e-02   1.6005200e-02   1.2364200e-02   1.2282100e-02   1.1763400e-02   1.1472000e-02   1.1672200e-02   1.1264300e-02   1.0696700e-02   1.0785500e-02   1.2006200e-02   1.1613200e-02   1.1765400e-02   1.1660300e-02   1.1711400e-02   1.2113000e-02   1.1888800e-02   1.2337400e-02   1.3292900e-02   1.2763600e-02   1.3395100e-02   1.3192300e-02
   5.0888800e-02   2.7882500e-02   1.9449900e-02   1.6025100e-02   1.5270200e-02   1.2007100e-02   1.2591000e-02   1.2172900e-02   1.0879500e-02   1.0535900e-02   1.1483700e-02   1.1237300e-02   1.0545300e-02   1.0777700e-02   1.1755400e-02   1.1288200e-02   1.1582700e-02   1.1594400e-02   1.1957000e-02   1.1973300e-02   1.2574900e-02   1.2934300e-02   1.3569200e-02   1.3585300e-02   1.3574200e-02
   5.1766200e-02   2.9295300e-02   1.9434700e-02   1.7825200e-02   1.6694500e-02   1.5376500e-02   1.2074700e-02   1.2334500e-02   1.1352700e-02   1.0957500e-02   1.1129300e-02   1.1750000e-02   1.0869500e-02   1.1169100e-02   1.1339100e-02   1.1170200e-02   1.1863300e-02   1.1498000e-02   1.2162800e-02   1.2311900e-02   1.2330300e-02   1.2791800e-02   1.3188000e-02   1.3433800e-02   1.3521100e-02
   5.1920400e-02   2.8199700e-02   1.9399400e-02   1.8706400e-02   1.3478100e-02   1.2032100e-02   1.3417400e-02   1.0764100e-02   1.0946300e-02   1.1490100e-02   1.0896800e-02   1.1532800e-02   1.0931300e-02   1.0953100e-02   1.1518100e-02   1.0910700e-02   1.1596200e-02   1.2195100e-02   1.2342000e-02   1.2463800e-02   1.2572600e-02   1.2174500e-02   1.2224400e-02   1.3351100e-02   1.3701600e-02
   5.3568900e-02   2.9494400e-02   2.6559000e-02   1.6607100e-02   1.4749800e-02   1.4032200e-02   1.1655200e-02   1.3538400e-02   1.1500300e-02   1.1023600e-02   1.1028100e-02   1.0789900e-02   1.2181400e-02   1.0951600e-02   1.1456500e-02   1.1314500e-02   1.1113500e-02   1.1627100e-02   1.1967400e-02   1.2224400e-02   1.2338500e-02   1.3764100e-02   1.2905100e-02   1.3299700e-02   1.3587600e-02
   5.0358800e-02   2.8913900e-02   1.9467000e-02   1.6811700e-02   1.4478600e-02   1.6466300e-02   1.4260600e-02   1.2101500e-02   1.0840600e-02   1.1770500e-02   1.0961200e-02   1.1599500e-02   1.1107400e-02   1.1447900e-02   1.0813000e-02   1.1476700e-02   1.0876400e-02   1.1830400e-02   1.2359600e-02   1.2113900e-02   1.2617100e-02   1.3251600e-02   1.2300800e-02   1.3232300e-02   1.3246000e-02
   5.0801300e-02   2.8562900e-02   2.0204400e-02   1.6749800e-02   1.3955000e-02   1.3790700e-02   1.2113200e-02   1.1362200e-02   1.1096700e-02   1.0327400e-02   1.2669000e-02   1.0977900e-02   1.1110800e-02   1.0385300e-02   1.0794900e-02   1.1774200e-02   1.1509000e-02   1.1575400e-02   1.1728000e-02   1.2181200e-02   1.1931100e-02   1.2227800e-02   1.2754500e-02   1.2714100e-02   1.2589800e-02
   5.0154900e-02   2.8049900e-02   1.8940400e-02   1.7190600e-02   1.4476900e-02   1.3713700e-02   1.1472400e-02   1.2047800e-02   1.1826100e-02   1.1072700e-02   1.0668500e-02   1.1059000e-02   1.0685900e-02   1.1617800e-02   1.1510100e-02   1.0976900e-02   1.1662100e-02   1.2510700e-02   1.2379700e-02   1.2319700e-02   1.1834500e-02   1.2352700e-02   1.2161700e-02   1.2856100e-02   1.3184800e-02
   5.0969000e-02   2.8730900e-02   1.9251500e-02   1.8050600e-02   1.4702900e-02   1.4270500e-02   1.4442400e-02   1.0633200e-02   1.2433700e-02   1.0907100e-02   1.0425300e-02   1.0919800e-02   1.1079500e-02   1.0972700e-02   1.0820600e-02   1.1707600e-02   1.1333100e-02   1.1677000e-02   1.1904800e-02   1.2704900e-02   1.2492700e-02   1.2467100e-02   1.3323600e-02   1.3643900e-02   1.4064400e-02
   4.9404200e-02   2.7571700e-02   2.1564100e-02   1.6548300e-02   1.6013600e-02   1.4423200e-02   1.1870900e-02   1.3478300e-02   1.2818700e-02   1.1367500e-02   1.1737800e-02   1.0430700e-02   1.2136400e-02   1.1267000e-02   1.2119900e-02   1.2791600e-02   1.1328500e-02   1.1926900e-02   1.2202400e-02   1.2406600e-02   1.2303900e-02   1.2918900e-02   1.3710800e-02   1.3158700e-02   1.3607700e-02
   5.1320600e-02   3.0183900e-02   1.9989800e-02   1.7058700e-02   1.5086400e-02   1.5241500e-02   1.2153800e-02   1.1641100e-02   1.2432400e-02   1.1626400e-02   1.1127400e-02   1.1035900e-02   1.0859600e-02   1.0887200e-02   1.0759300e-02   1.0977600e-02   1.1788200e-02   1.2244800e-02   1.1735000e-02   1.1821300e-02   1.2307200e-02   1.2216200e-02   1.3012200e-02   1.3377200e-02   1.3317900e-02
   5.0585900e-02   2.8254200e-02   1.9757600e-02   2.3892000e-02   1.4661300e-02   1.3734100e-02   1.3368600e-02   1.3366200e-02   1.1801000e-02   1.4443100e-02   1.0926400e-02   1.0881400e-02   1.1152200e-02   1.0605200e-02   1.2142300e-02   1.1408900e-02   1.1712400e-02   1.2697800e-02   1.1900100e-02   1.2400400e-02   1.2115900e-02   1.2670900e-02   1.3223300e-02   1.3469700e-02   1.3096000e-02
   5.0907400e-02   2.8562500e-02   1.9836200e-02   1.7312800e-02   1.4860400e-02   1.3749300e-02   1.1197100e-02   1.1807300e-02   1.2781600e-02   1.2025200e-02   1.5265300e-02   1.1410800e-02   1.1749300e-02   1.1681500e-02   1.0946500e-02   1.1547500e-02   1.1608200e-02   1.1455900e-02   1.1803500e-02   1.2322000e-02   1.2061700e-02   1.3119900e-02   1.2686700e-02   1.3547600e-02   1.3432300e-02
   4.9940400e-02   2.8037400e-02   2.5324600e-02   1.6707600e-02   1.4520200e-02   1.4593700e-02   1.1737300e-02   1.1806900e-02   1.2462900e-02   1.1181900e-02   1.0526400e-02   1.1186200e-02   1.1548300e-02   1.1636200e-02   1.1521200e-02   1.0650300e-02   1.1460600e-02   1.2634900e-02   1.1574700e-02   1.2180700e-02   1.2622400e-02   1.2598800e-02   1.2926500e-02   1.3633100e-02   1.3589400e-02
   4.9461100e-02   2.8313000e-02   1.8960700e-02   1.6226900e-02   1.3705200e-02   1.2741600e-02   1.1405100e-02   1.1363300e-02   1.0543300e-02   1.1931400e-02   1.0580300e-02   1.2014500e-02   1.1293200e-02   1.1100100e-02   1.0643400e-02   1.1125100e-02   1.1696100e-02   1.1882500e-02   1.4080200e-02   1.1679400e-02   1.2703100e-02   1.2778000e-02   1.3358800e-02   1.3163700e-02   1.3649700e-02
   5.0254400e-02   2.8189700e-02   1.8966000e-02   1.6300300e-02   1.5730100e-02   1.2644100e-02   1.1749100e-02   1.1596200e-02   1.1324200e-02   1.1197500e-02   1.0979400e-02   1.0086600e-02   1.0937800e-02   1.1139400e-02   1.2720400e-02   1.1513400e-02   1.1876000e-02   1.1483900e-02   1.2093700e-02   1.2408300e-02   1.2471400e-02   1.2012300e-02   1.2921200e-02   1.3164400e-02   1.3544500e-02
   5.0833900e-02   2.9487200e-02   2.0074800e-02   1.6764700e-02   1.4594000e-02   1.6170400e-02   1.1490700e-02   1.2120300e-02   1.3593000e-02   1.1739800e-02   1.1175000e-02   1.1000400e-02   1.0928500e-02   1.1171700e-02   1.1185400e-02   1.1774100e-02   1.1775400e-02   1.1675100e-02   1.2074400e-02   1.1991900e-02   1.2502000e-02   1.2647900e-02   1.3238600e-02   1.3534700e-02   1.3898700e-02
   5.0115000e-02   2.8656000e-02   1.9564200e-02   1.6563600e-02   1.4989800e-02   1.2864400e-02   1.3172300e-02   1.3008700e-02   1.2178400e-02   1.0929900e-02   1.1133300e-02   1.1862900e-02   1.1420900e-02   1.0894600e-02   1.0671000e-02   1.2079000e-02   1.1730000e-02   1.2247500e-02   1.2269800e-02   1.2628500e-02   1.2032000e-02   1.3634800e-02   1.3031400e-02   1.3255200e-02   1.3684300e-02
   5.0799800e-02   2.8080200e-02   2.1596100e-02   1.7280300e-02   1.4292100e-02   1.8602900e-02   1.1734400e-02   1.1518600e-02   1.1304700e-02   1.1164800e-02   1.0118700e-02   1.1042900e-02   1.0748100e-02   1.4352700e-02   1.1097900e-02   1.1435400e-02   1.1479900e-02   1.1263800e-02   1.2075700e-02   1.2130500e-02   1.2381700e-02   1.2761600e-02   1.2794200e-02   1.2682400e-02   1.2998400e-02
   5.1690900e-02   2.8688600e-02   2.1777200e-02   1.7992900e-02   1.5258700e-02   1.3912900e-02   1.2188400e-02   1.1883500e-02   1.1196200e-02   1.1243600e-02   1.1608400e-02   1.1963900e-02   1.0602700e-02   1.1198300e-02   1.1502100e-02   1.1382600e-02   1.2271100e-02   1.2020700e-02   1.1795600e-02   1.2378200e-02   1.2049000e-02   1.2557600e-02   1.3115000e-02   1.3361700e-02   1.3720500e-02
   5.0987100e-02   2.8640500e-02   1.8939200e-02   1.6354300e-02   1.4837400e-02   1.2548900e-02   1.3078900e-02   1.3896800e-02   1.0497300e-02   1.1108800e-02   1.1513700e-02   1.0980400e-02   1.0434800e-02   1.1127500e-02   1.1394500e-02   1.0913800e-02   1.1351100e-02   1.2159600e-02   1.1891400e-02   1.1624400e-02   1.1846600e-02   1.3896200e-02   1.4975500e-02   1.4640300e-02   1.3907900e-02
   5.0259500e-02   2.7839400e-02   1.9368000e-02   1.6315600e-02   1.4356100e-02   1.3555800e-02   1.3062600e-02   1.0742300e-02   1.0619500e-02   1.1482900e-02   1.1458400e-02   1.1179000e-02   1.0330600e-02   1.1342500e-02   1.1898600e-02   1.1476300e-02   1.1851900e-02   1.1785300e-02   1.2008300e-02   1.1815700e-02   1.3156600e-02   1.2863700e-02   1.3187300e-02   1.2830800e-02   1.3726000e-02
   5.0618800e-02   2.7915700e-02   1.9023100e-02   1.6689700e-02   1.5203500e-02   1.2113400e-02   1.4245800e-02   1.1161400e-02   1.1076200e-02   1.2248700e-02   1.0869200e-02   1.0472000e-02   1.1057800e-02   1.0667200e-02   1.1283500e-02   1.2370300e-02   1.1483400e-02   1.1551900e-02   1.1500900e-02   1.2279100e-02   1.3222400e-02   1.2885800e-02   1.2235100e-02   1.3374300e-02   1.3844700e-02
   5.1300200e-02   2.8862700e-02   2.0284600e-02   1.7267000e-02   1.7315900e-02   1.3892100e-02   1.1790400e-02   1.3390100e-02   1.2385000e-02   1.3005300e-02   1.2449400e-02   1.1565000e-02   1.0835400e-02   1.1046500e-02   1.2141300e-02   1.1517800e-02   1.1729000e-02   1.1512900e-02   1.3019500e-02   1.2103600e-02   1.2452500e-02   1.2887400e-02   1.3012700e-02   1.3927100e-02   1.3283500e-02
   5.1090100e-02   2.8309300e-02   2.6415400e-02   1.6577000e-02   1.5241100e-02   1.5560400e-02   1.4641900e-02   1.1043900e-02   1.5456500e-02   1.1014400e-02   1.1017800e-02   1.0532300e-02   1.1977800e-02   1.0981800e-02   1.1157200e-02   1.0871100e-02   1.1832300e-02   1.1648600e-02   1.2097200e-02   1.1882100e-02   1.2284300e-02   1.2194000e-02   1.3467200e-02   1.2692500e-02   1.3369200e-02
   5.0864500e-02   2.7950400e-02   2.5026400e-02   1.7097200e-02   1.4047500e-02   1.2950900e-02   1.1874600e-02   1.4889200e-02   1.1693500e-02   1.0848200e-02   1.0885500e-02   1.1883100e-02   1.0449600e-02   1.1116200e-02   1.0942900e-02   1.1191600e-02   1.1797000e-02   1.2150300e-02   1.2120500e-02   1.2719500e-02   1.1736800e-02   1.2745500e-02   1.1844000e-02   1.2599400e-02   1.3484900e-02
   4.9820900e-02   2.7552300e-02   2.4466100e-02   1.7271500e-02   1.4950500e-02   1.3844900e-02   1.1518900e-02   1.3330800e-02   1.0757800e-02   1.1177000e-02   1.2865100e-02   1.1199400e-02   1.0978400e-02   1.1041000e-02   1.2689800e-02   1.1479100e-02   1.1801700e-02   1.1566400e-02   1.2030500e-02   1.2319400e-02   1.2319300e-02   1.2080000e-02   1.2519100e-02   1.3189200e-02   1.3645300e-02
   5.1100900e-02   2.8781200e-02   1.9846500e-02   1.7090200e-02   1.6095600e-02   1.5235700e-02   1.3751200e-02   1.1202300e-02   1.0890600e-02   1.0854000e-02   1.0566600e-02   1.1719400e-02   1.1923100e-02   1.0874900e-02   1.1326900e-02   1.2074000e-02   1.1479600e-02   1.1612100e-02   1.2019600e-02   1.1742800e-02   1.2378200e-02   1.3750100e-02   1.3814400e-02   1.2601200e-02   1.3401700e-02
   5.2960300e-02   2.8141000e-02   1.9530200e-02   1.7468100e-02   1.5465400e-02   1.2884500e-02   1.1959300e-02   1.2758100e-02   1.1866400e-02   1.1178600e-02   1.1317400e-02   1.0899600e-02   1.5969700e-02   1.0987200e-02   1.3364500e-02   1.1517800e-02   1.1431000e-02   1.1815600e-02   1.1892600e-02   1.3090800e-02   1.2362900e-02   1.2533400e-02   1.2903300e-02   1.3807200e-02   1.3847200e-02
   5.0834600e-02   2.7630900e-02   1.9308700e-02   1.6292000e-02   1.4129500e-02   1.7963200e-02   1.1485100e-02   1.4027300e-02   1.2047200e-02   1.0922800e-02   1.0853200e-02   1.0121200e-02   1.1146500e-02   1.1580200e-02   1.2023700e-02   1.1133400e-02   1.1820300e-02   1.1686100e-02   1.2609400e-02   1.2011900e-02   1.1797400e-02   1.2594600e-02   1.2947000e-02   1.3435800e-02   1.4160500e-02
   5.1293300e-02   2.8975600e-02   1.9399000e-02   1.7105700e-02   1.4611000e-02   1.4857900e-02   1.2415300e-02   1.5073000e-02   1.1035700e-02   1.1267600e-02   1.1109500e-02   1.1024300e-02   1.1348800e-02   1.1154600e-02   1.1250600e-02   1.1374900e-02   1.1171100e-02   1.2084700e-02   1.2299300e-02   1.1939300e-02   1.2911600e-02   1.2585800e-02   1.2376000e-02   1.3004300e-02   1.3781600e-02
   5.2798500e-02   2.7670100e-02   1.9136300e-02   1.7382900e-02   2.3746400e-02   1.2871000e-02   1.3856600e-02   1.0606200e-02   1.1138700e-02   1.1166800e-02   1.1117800e-02   1.1348300e-02   1.0593400e-02   1.1146600e-02   1.1548700e-02   1.1198300e-02   1.1914000e-02   1.2219800e-02   1.1974500e-02   1.2770300e-02   1.3870400e-02   1.2920800e-02   1.3036000e-02   1.3679800e-02   1.3821700e-02
   5.1084900e-02   2.9051200e-02   1.9839700e-02   1.8877000e-02   1.5608900e-02   1.5833200e-02   1.2200700e-02   1.2288600e-02   1.0806300e-02   1.4411000e-02   1.1363200e-02   1.1384700e-02   1.1343100e-02   1.0719300e-02   1.1148200e-02   1.2390400e-02   1.0986900e-02   1.1795200e-02   1.2265800e-02   1.2201500e-02   1.1832600e-02   1.2364300e-02   1.2886800e-02   1.2967800e-02   1.2614300e-02
   5.1460400e-02   2.9857900e-02   2.0236700e-02   1.7154500e-02   1.4915400e-02   1.4668400e-02   1.2395700e-02   1.1688300e-02   1.2328100e-02   1.0689100e-02   1.0653100e-02   1.0701500e-02   1.0911100e-02   1.0641500e-02   1.1421600e-02   1.1415800e-02   1.2080700e-02   1.1531600e-02   1.1840900e-02   1.2067500e-02   1.2325400e-02   1.2532300e-02   1.2874500e-02   1.3196900e-02   1.3610800e-02
   5.1821900e-02   2.9859400e-02   1.9774500e-02   1.7314300e-02   1.4787500e-02   1.2577800e-02   1.4252400e-02   1.2022900e-02   1.1476500e-02   1.1825900e-02   1.1305000e-02   1.1834600e-02   1.1394600e-02   1.1538700e-02   1.1017600e-02   1.2076200e-02   1.1576400e-02   1.1797200e-02   1.2093200e-02   1.1640300e-02   1.2322700e-02   1.2177200e-02   1.2943000e-02   1.4303200e-02   1.3655300e-02
   4.9726000e-02   2.7085000e-02   1.9190100e-02   1.7279100e-02   1.6690800e-02   1.2455300e-02   1.1447700e-02   1.1960700e-02   1.4929900e-02   1.0931000e-02   1.1126200e-02   1.0537800e-02   1.0908900e-02   1.0539200e-02   1.1462400e-02   1.0740100e-02   1.1990400e-02   1.1648000e-02   1.2022800e-02   1.3764100e-02   1.2702800e-02   1.2427000e-02   1.3168500e-02   1.3120300e-02   1.3495700e-02
   4.9929900e-02   2.8179100e-02   1.9388500e-02   1.7357900e-02   1.4849400e-02   1.2035400e-02   1.2225200e-02   1.1710300e-02   1.1348500e-02   1.2153500e-02   1.0590000e-02   1.0537800e-02   1.1338000e-02   1.0833800e-02   1.1460100e-02   1.1513800e-02   1.1155100e-02   1.1891900e-02   1.2239300e-02   1.1481700e-02   1.2010400e-02   1.2996700e-02   1.4322900e-02   1.3394600e-02   1.3663800e-02
   5.0815100e-02   2.8147100e-02   1.8845200e-02   1.6875400e-02   1.7333400e-02   1.2101100e-02   1.2074400e-02   1.1308500e-02   1.1265500e-02   1.0909200e-02   1.1019100e-02   1.1429900e-02   1.0830400e-02   1.1188700e-02   1.1151100e-02   1.1816500e-02   1.1364500e-02   1.1794900e-02   1.1698800e-02   1.1875800e-02   1.2683800e-02   1.2096300e-02   1.3439300e-02   1.3361400e-02   1.4032900e-02
   5.0582000e-02   2.7484700e-02   1.9572500e-02   1.5964300e-02   1.4197000e-02   1.2681600e-02   1.1623500e-02   1.1600500e-02   1.2164700e-02   1.0630600e-02   1.2960100e-02   1.1388500e-02   1.1174500e-02   1.1647700e-02   1.1219100e-02   1.1274700e-02   1.1631700e-02   1.2027700e-02   1.2374600e-02   1.2354600e-02   1.2610800e-02   1.2291700e-02   1.3016100e-02   1.3588200e-02   1.3556600e-02
   4.9233400e-02   2.7671700e-02   1.9125900e-02   1.8652800e-02   1.4280900e-02   1.2057500e-02   1.1553900e-02   1.2108200e-02   1.1334400e-02   1.1344400e-02   1.2235400e-02   1.0958600e-02   1.0990700e-02   1.0840000e-02   1.1254400e-02   1.1208800e-02   1.1360000e-02   1.1933300e-02   1.1883600e-02   1.2210100e-02   1.2738900e-02   1.2817400e-02   1.3076100e-02   1.3223000e-02   1.4136300e-02
   5.3261000e-02   2.9191700e-02   1.9516200e-02   1.6622000e-02   1.4751300e-02   1.2379500e-02   1.1493100e-02   1.3357100e-02   1.1024700e-02   1.1841200e-02   1.1085600e-02   1.1447700e-02   1.0893500e-02   1.1316700e-02   1.0928500e-02   1.1454800e-02   1.1674800e-02   1.1271900e-02   1.1909300e-02   1.1662900e-02   1.2307900e-02   1.3299100e-02   1.3058100e-02   1.3784700e-02   1.3256500e-02
   5.0640000e-02   2.8383200e-02   1.9496000e-02   1.6246700e-02   1.4107100e-02   1.3658600e-02   1.1532600e-02   1.4677900e-02   1.1286100e-02   1.1280000e-02   1.1120500e-02   1.0957700e-02   1.1559300e-02   1.2240900e-02   1.1628700e-02   1.0678400e-02   1.2091100e-02   1.1598200e-02   1.2186000e-02   1.2043300e-02   1.2451400e-02   1.2526700e-02   1.2721000e-02   1.3555500e-02   1.3459500e-02
   5.2361900e-02   3.1489900e-02   2.7043500e-02   1.9803100e-02   1.6372300e-02   1.4940700e-02   1.4537900e-02   1.1537400e-02   1.1327900e-02   1.0762200e-02   1.0846300e-02   1.0973000e-02   1.1380800e-02   1.1277600e-02   1.1271300e-02   1.1270800e-02   1.1503200e-02   1.2721900e-02   1.1903100e-02   1.1993400e-02   1.2224100e-02   1.2064900e-02   1.3183100e-02   1.3093000e-02   1.3448200e-02
   5.1876500e-02   2.8664500e-02   1.9115000e-02   1.6474200e-02   1.4979500e-02   1.5324000e-02   1.4267100e-02   1.2169000e-02   1.2229000e-02   1.4577500e-02   1.1240400e-02   1.1890100e-02   1.0478800e-02   1.0942600e-02   1.1500800e-02   1.1525800e-02   1.1934300e-02   1.1766900e-02   1.2589000e-02   1.1566900e-02   1.2305700e-02   1.2160200e-02   1.3324000e-02   1.2872600e-02   1.3812000e-02
   5.0614800e-02   2.8446900e-02   1.9422500e-02   1.6031300e-02   1.5951500e-02   1.3257000e-02   1.3708300e-02   1.1173000e-02   1.0964100e-02   1.0879400e-02   1.0844900e-02   1.2158800e-02   1.0187000e-02   1.2505600e-02   1.1152300e-02   1.1412300e-02   1.1883700e-02   1.1520800e-02   1.1870700e-02   1.2295100e-02   1.2336000e-02   1.2604900e-02   1.3116700e-02   1.3248200e-02   1.3670900e-02
   5.0660600e-02   2.9218800e-02   1.9407300e-02   1.7584500e-02   1.6060600e-02   1.4657700e-02   1.3649300e-02   1.0933200e-02   1.2178000e-02   1.1474400e-02   1.4322900e-02   1.0456600e-02   1.1259600e-02   1.1318000e-02   1.1060900e-02   1.1784900e-02   1.1479200e-02   1.1423700e-02   1.2277800e-02   1.1466500e-02   1.2041000e-02   1.2195600e-02   1.4103000e-02   1.3133400e-02   1.3084600e-02
   5.1234000e-02   2.8816600e-02   2.0131600e-02   1.7946900e-02   1.5643500e-02   1.3554400e-02   1.2219400e-02   1.1407200e-02   1.2575300e-02   1.1068900e-02   1.5518500e-02   1.2005400e-02   1.1132700e-02   1.1418500e-02   1.2077000e-02   1.3713000e-02   1.1620700e-02   1.1823900e-02   1.2602800e-02   1.2025000e-02   1.3526400e-02   1.2370900e-02   1.2747400e-02   1.2754500e-02   1.3476700e-02
   5.2990900e-02   2.8088400e-02   1.9580200e-02   2.0477600e-02   1.3782300e-02   1.3047800e-02   1.1771300e-02   1.2281400e-02   1.4230900e-02   1.2324100e-02   1.0980700e-02   1.2631400e-02   1.1201200e-02   1.1310700e-02   1.1146100e-02   1.1772800e-02   1.1584700e-02   1.2129300e-02   1.1826300e-02   1.1795600e-02   1.2695800e-02   1.3019000e-02   1.3450000e-02   1.3632400e-02   1.3673900e-02
   5.1199800e-02   2.8942800e-02   1.9448800e-02   1.6383900e-02   1.4006300e-02   1.2227500e-02   1.3451400e-02   1.2060200e-02   1.1221700e-02   1.2030000e-02   1.1305700e-02   1.1234900e-02   1.1411200e-02   1.1040400e-02   1.1290200e-02   1.1056500e-02   1.2207200e-02   1.1268500e-02   1.2412000e-02   1.1665400e-02   1.2609100e-02   1.3034200e-02   1.3131700e-02   1.3284300e-02   1.3328300e-02
   5.0510600e-02   2.8539100e-02   1.9909300e-02   1.6261500e-02   1.7667200e-02   1.3357200e-02   1.1806800e-02   1.1685700e-02   1.3293100e-02   1.2218700e-02   1.1505700e-02   1.0811700e-02   1.0936600e-02   1.1617800e-02   1.1664400e-02   1.1502400e-02   1.1199500e-02   1.2866300e-02   1.1351000e-02   1.2430300e-02   1.2377900e-02   1.2969000e-02   1.2704900e-02   1.2348900e-02   1.3811600e-02
   5.1731200e-02   2.8951300e-02   1.9635800e-02   1.7394500e-02   1.5533700e-02   1.4336600e-02   1.4831600e-02   1.1232000e-02   1.1232100e-02   1.1243400e-02   1.1184700e-02   1.1671500e-02   1.1825500e-02   1.1369200e-02   1.0829300e-02   1.1109000e-02   1.1678900e-02   1.1817900e-02   1.1932900e-02   1.2206600e-02   1.2393600e-02   1.2725600e-02   1.3157500e-02   1.3338000e-02   1.3698700e-02
   5.1068700e-02   2.8587700e-02   2.1937400e-02   1.6919700e-02   1.4359900e-02   1.4964800e-02   1.5452900e-02   1.3345700e-02   1.1469800e-02   1.1127000e-02   1.0543000e-02   1.0501800e-02   1.0872100e-02   1.1345600e-02   1.1112600e-02   1.1335700e-02   1.1472600e-02   1.2099500e-02   1.2491100e-02   1.2354700e-02   1.1845800e-02   1.2240100e-02   1.3152000e-02   1.2681000e-02   1.3652300e-02
   5.1421000e-02   2.9024700e-02   2.5964700e-02   1.8037100e-02   1.5658100e-02   1.4304300e-02   1.3322400e-02   1.1261200e-02   1.1428700e-02   1.2755800e-02   1.1623000e-02   1.0752500e-02   1.0770900e-02   1.0972300e-02   1.0813200e-02   1.1153900e-02   1.1609400e-02   1.1628400e-02   1.2092000e-02   1.1907400e-02   1.2717700e-02   1.2488600e-02   1.2935200e-02   1.3035600e-02   1.3729200e-02
   5.1216800e-02   2.8124700e-02   2.1536900e-02   1.8235500e-02   1.4331000e-02   1.4222500e-02   1.2448200e-02   1.2252500e-02   1.2369500e-02   1.1455700e-02   1.1592500e-02   1.0658800e-02   1.1010300e-02   1.1304800e-02   1.2037400e-02   1.2066400e-02   1.1913500e-02   1.1479200e-02   1.1924600e-02   1.1667200e-02   1.4483100e-02   1.3788600e-02   1.3239000e-02   1.3088100e-02   1.4099500e-02
   5.2593400e-02   2.8674900e-02   2.6845200e-02   1.7899400e-02   1.6181900e-02   1.4687000e-02   1.5109300e-02   1.1199800e-02   1.2757400e-02   1.0486100e-02   1.1033400e-02   1.0914600e-02   1.1128800e-02   1.2132200e-02   1.1664300e-02   1.2269400e-02   1.1823600e-02   1.1556200e-02   1.2822400e-02   1.2119500e-02   1.2228200e-02   1.2345400e-02   1.3553600e-02   1.2575500e-02   1.3979000e-02
   4.9754600e-02   2.9025500e-02   1.9698000e-02   1.8671400e-02   1.6205200e-02   1.2056700e-02   1.1479600e-02   1.0974100e-02   1.2114300e-02   1.1025900e-02   1.0617000e-02   1.1105800e-02   1.1203300e-02   1.1567500e-02   1.1067500e-02   1.1942200e-02   1.1637900e-02   1.1044800e-02   1.1288200e-02   1.1771100e-02   1.2547700e-02   1.2309800e-02   1.2862400e-02   1.2823000e-02   1.3451100e-02
   5.0381100e-02   2.8601500e-02   2.1691500e-02   1.6964200e-02   1.4265200e-02   1.3352700e-02   1.1986500e-02   1.2453000e-02   1.1945900e-02   1.1868700e-02   1.4931300e-02   1.1026200e-02   1.1055500e-02   1.1909000e-02   1.1073400e-02   1.1564600e-02   1.2008200e-02   1.1723100e-02   1.1850500e-02   1.2200400e-02   1.2573500e-02   1.2203400e-02   1.3678400e-02   1.3774800e-02   1.3490000e-02
   5.0962700e-02   2.8620400e-02   1.9513200e-02   1.8317400e-02   1.3954700e-02   1.5183600e-02   1.2522100e-02   1.1714900e-02   1.1572900e-02   1.1430900e-02   1.2836100e-02   1.1749100e-02   1.0334700e-02   1.1486300e-02   1.1799000e-02   1.1119800e-02   1.2007400e-02   1.1552400e-02   1.1633800e-02   1.2133300e-02   1.2178600e-02   1.2627200e-02   1.2964700e-02   1.3266400e-02   1.3524000e-02
   5.1629400e-02   2.8010500e-02   2.1312700e-02   2.4421500e-02   1.3801700e-02   1.2129100e-02   1.1590400e-02   1.0824600e-02   1.2167900e-02   1.0611200e-02   1.0926600e-02   1.0792600e-02   1.2826300e-02   1.0909200e-02   1.0913600e-02   1.1272000e-02   1.1898000e-02   1.1494500e-02   1.2189200e-02   1.2345000e-02   1.2693500e-02   1.2812300e-02   1.3110900e-02   1.3631400e-02   1.3779700e-02
   5.0992800e-02   2.8382600e-02   1.9179200e-02   1.6357600e-02   1.3684900e-02   1.1833700e-02   1.1424300e-02   1.0627200e-02   1.1411400e-02   1.1421800e-02   1.0918600e-02   1.0871700e-02   1.1369100e-02   1.0883400e-02   1.1277200e-02   1.1493300e-02   1.1641700e-02   1.2013000e-02   1.2701900e-02   1.2367200e-02   1.2489800e-02   1.2833700e-02   1.3325600e-02   1.3490600e-02   1.3867100e-02
   5.1079100e-02   2.9166300e-02   1.9481900e-02   1.6903900e-02   1.5713600e-02   1.4673400e-02   1.1874800e-02   1.1794200e-02   1.1631400e-02   1.0758200e-02   1.1212700e-02   1.2053200e-02   1.1599600e-02   1.1446800e-02   1.1471500e-02   1.2419900e-02   1.2131900e-02   1.1793900e-02   1.4025100e-02   1.2448600e-02   1.2936800e-02   1.2895900e-02   1.3431900e-02   1.3617300e-02   1.3668900e-02
   5.0948300e-02   2.8930600e-02   1.9672400e-02   1.6652400e-02   1.8192300e-02   1.2519000e-02   2.0914000e-02   1.1789400e-02   1.2258800e-02   1.0992200e-02   1.0567500e-02   1.0432600e-02   1.1277300e-02   1.1160000e-02   1.1984800e-02   1.1887500e-02   1.2495800e-02   1.2143100e-02   1.1343600e-02   1.1806800e-02   1.3144400e-02   1.2804300e-02   1.3452200e-02   1.3282500e-02   1.3629000e-02
   4.9835500e-02   2.7560900e-02   1.9164000e-02   1.8454900e-02   1.5518400e-02   1.2380000e-02   1.5572500e-02   1.1334100e-02   1.1453800e-02   1.1334200e-02   1.2323900e-02   1.0501500e-02   1.1199200e-02   1.1913200e-02   1.1211300e-02   1.1045800e-02   1.1493300e-02   1.1205300e-02   1.1491400e-02   1.2411200e-02   1.2870100e-02   1.2728100e-02   1.3510300e-02   1.2511100e-02   1.3023700e-02
   5.1277400e-02   2.8437500e-02   2.6904700e-02   1.6310600e-02   1.4573000e-02   1.3741600e-02   1.3903900e-02   1.1699900e-02   1.1333800e-02   1.1059200e-02   1.0573200e-02   1.3961000e-02   1.0897700e-02   1.1378300e-02   1.1079300e-02   1.1414500e-02   1.1711900e-02   1.0897700e-02   1.2113500e-02   1.2157500e-02   1.2569500e-02   1.2240700e-02   1.2938400e-02   1.3463200e-02   1.3418600e-02
   5.4203100e-02   2.9926000e-02   1.9971900e-02   1.6949200e-02   1.6060700e-02   1.4470600e-02   1.5234200e-02   1.1492500e-02   1.3975500e-02   1.1465200e-02   1.2747400e-02   1.0955900e-02   1.1452300e-02   1.1196100e-02   1.2468900e-02   1.1454700e-02   1.1122100e-02   1.1681900e-02   1.1998400e-02   1.2242100e-02   1.2409100e-02   1.3049800e-02   1.3415100e-02   1.3306800e-02   1.3644400e-02
   5.0952100e-02   2.8630600e-02   1.9769100e-02   1.6615100e-02   1.3973900e-02   1.5323300e-02   1.2156700e-02   1.1783300e-02   1.1640100e-02   1.1844900e-02   1.2885900e-02   1.1411000e-02   1.2031300e-02   1.1062900e-02   1.2068900e-02   1.1678400e-02   1.1350000e-02   1.1357700e-02   1.2026100e-02   1.2367600e-02   1.2492100e-02   1.2931500e-02   1.2798400e-02   1.3153200e-02   1.4266900e-02
   5.1977000e-02   2.9017100e-02   1.9739200e-02   1.7362500e-02   1.6359300e-02   1.2324100e-02   1.1570400e-02   1.3853300e-02   1.1821400e-02   1.1347100e-02   1.0569000e-02   1.1158300e-02   1.0745800e-02   1.1458200e-02   1.1704500e-02   1.2237400e-02   1.2217900e-02   1.1710600e-02   1.1533300e-02   1.1994800e-02   1.2868900e-02   1.2228900e-02   1.2560000e-02   1.2996200e-02   1.3494000e-02
   5.1083500e-02   2.8574200e-02   1.9280800e-02   1.7090600e-02   1.5458100e-02   1.2545500e-02   1.2341700e-02   1.1728300e-02   1.1378400e-02   1.1031400e-02   1.0629900e-02   1.0355200e-02   1.0615400e-02   1.0946600e-02   1.1119300e-02   1.1428600e-02   1.2525600e-02   1.1987000e-02   1.1699200e-02   1.1329600e-02   1.2070000e-02   1.2922200e-02   1.3539500e-02   1.3601600e-02   1.3562100e-02
   5.1141000e-02   2.9076400e-02   2.6182200e-02   1.6918000e-02   1.5339600e-02   1.4486000e-02   1.3694000e-02   1.1327800e-02   1.1729600e-02   1.1533300e-02   1.2131400e-02   1.1603000e-02   1.0781400e-02   1.0955600e-02   1.1456700e-02   1.1577700e-02   1.1523000e-02   1.1386300e-02   1.1695500e-02   1.2073800e-02   1.2114600e-02   1.2764500e-02   1.2518000e-02   1.2920200e-02   1.3495300e-02
   5.1305000e-02   2.8522000e-02   2.5488900e-02   1.9592300e-02   1.4249500e-02   1.7325400e-02   1.2019500e-02   1.1323000e-02   1.1362700e-02   1.1691600e-02   1.1594000e-02   1.1222200e-02   1.1017300e-02   1.2920800e-02   1.1284700e-02   1.1702300e-02   1.1431400e-02   1.1673600e-02   1.2084500e-02   1.2221400e-02   1.2560500e-02   1.2738100e-02   1.3329600e-02   1.4029800e-02   1.3404600e-02
   5.0950600e-02   2.9633900e-02   1.9485300e-02   2.4654900e-02   1.7451100e-02   1.3799300e-02   1.2361100e-02   1.1338400e-02   1.0914800e-02   1.1179700e-02   1.0913800e-02   1.0950800e-02   1.1022900e-02   1.0778900e-02   1.3354000e-02   1.1267200e-02   1.1798500e-02   1.1528100e-02   1.1815700e-02   1.2824100e-02   1.2429600e-02   1.2832700e-02   1.2776900e-02   1.3088700e-02   1.3380100e-02
   5.1041400e-02   2.9091400e-02   1.9520500e-02   1.7295200e-02   1.3876200e-02   1.4100000e-02   1.3080200e-02   1.1563900e-02   1.1402400e-02   1.0581500e-02   1.0718700e-02   1.1249000e-02   1.0508600e-02   1.1321500e-02   1.1474800e-02   1.0853100e-02   1.1885400e-02   1.1737800e-02   1.1276400e-02   1.1811900e-02   1.2423600e-02   1.2334500e-02   1.2486800e-02   1.2808400e-02   1.3146900e-02
