   8.5000000e+02   4.6004615e+02   4.0712308e+02   2.4753077e+02   1.9224231e+02   1.7446154e+02   1.8383462e+02   1.6120769e+02   1.1331154e+02   1.0392692e+02   9.4742308e+01   8.6573077e+01   9.0026923e+01   7.4576923e+01   7.5434615e+01   6.6642308e+01   5.6115385e+01   5.0550000e+01   6.4423077e+01   5.1596154e+01   5.4984615e+01   5.7015385e+01   4.5407692e+01   4.2288462e+01   4.2365385e+01
   8.5000000e+02   4.5472308e+02   2.8645385e+02   2.4008462e+02   1.9966923e+02   2.6640769e+02   1.6258846e+02   1.2445000e+02   1.1543462e+02   1.1485385e+02   9.8723077e+01   9.4480769e+01   7.9203846e+01   8.3484615e+01   7.3865385e+01   6.9846154e+01   6.0396154e+01   5.9630769e+01   5.0242308e+01   5.5207692e+01   6.3742308e+01   4.9573077e+01   4.2826923e+01   4.4550000e+01   4.3676923e+01
   8.5000000e+02   4.4396154e+02   3.3357692e+02   2.5108077e+02   1.9375000e+02   1.9607308e+02   1.7223462e+02   1.3114615e+02   1.2702692e+02   1.0360385e+02   9.1500000e+01   1.0097308e+02   8.2192308e+01   7.9215385e+01   7.1034615e+01   6.6365385e+01   6.0565385e+01   5.7034615e+01   5.4742308e+01   4.9065385e+01   5.2150000e+01   4.5911538e+01   4.7788462e+01   4.6811538e+01   4.4757692e+01
   8.5000000e+02   4.5283077e+02   3.9521923e+02   2.5243077e+02   2.0232692e+02   2.1115000e+02   1.8271538e+02   1.2083462e+02   1.0861923e+02   1.0224231e+02   1.1024231e+02   8.0996154e+01   7.4288462e+01   7.7453846e+01   7.1730769e+01   5.8984615e+01   5.4723077e+01   6.2042308e+01   5.4392308e+01   6.0388462e+01   6.2515385e+01   4.3303846e+01   4.4869231e+01   4.8615385e+01   4.4438462e+01
   8.5000000e+02   4.5872308e+02   2.9366923e+02   2.2942692e+02   1.9153077e+02   1.8247692e+02   1.3561154e+02   1.2488462e+02   1.1853077e+02   1.0496538e+02   1.0141538e+02   8.4826923e+01   7.9596154e+01   7.7134615e+01   7.6176923e+01   6.9123077e+01   6.6430769e+01   5.3823077e+01   6.5034615e+01   5.7884615e+01   4.9942308e+01   4.7430769e+01   4.5584615e+01   4.8296154e+01   4.1746154e+01
   8.5000000e+02   4.5684615e+02   2.8526923e+02   2.8277692e+02   1.8903077e+02   1.6836923e+02   1.3602692e+02   1.6979615e+02   1.0518462e+02   9.9976923e+01   8.4811538e+01   8.4084615e+01   7.6803846e+01   7.1611538e+01   6.1896154e+01   6.7896154e+01   5.6434615e+01   5.5580769e+01   5.6330769e+01   4.9026923e+01   4.8026923e+01   4.8050000e+01   4.5100000e+01   4.0115385e+01   4.1492308e+01
   8.5000000e+02   4.6670000e+02   2.9160000e+02   2.4730000e+02   2.3050000e+02   1.8843462e+02   1.4718077e+02   1.1524231e+02   1.0852308e+02   9.9476923e+01   8.7934615e+01   9.7503846e+01   7.2988462e+01   8.0419231e+01   8.9503846e+01   6.6438462e+01   6.3473077e+01   5.8426923e+01   6.0515385e+01   5.1919231e+01   4.9061538e+01   5.2203846e+01   5.4426923e+01   4.2326923e+01   4.3780769e+01
   8.5000000e+02   4.4970769e+02   2.8398462e+02   2.4677692e+02   2.2646154e+02   3.3613077e+02   1.3088462e+02   1.2973077e+02   1.1583077e+02   1.1057692e+02   1.0400769e+02   9.1311538e+01   7.1511538e+01   7.4607692e+01   6.1953846e+01   7.0803846e+01   6.1507692e+01   6.3350000e+01   5.7057692e+01   5.5238462e+01   4.9692308e+01   4.5773077e+01   4.4603846e+01   4.2188462e+01   5.3223077e+01
   8.5000000e+02   4.5121538e+02   2.8837692e+02   2.5108846e+02   1.9629231e+02   1.4354615e+02   1.3763462e+02   1.3789615e+02   1.0582692e+02   1.2155385e+02   1.0250769e+02   1.0134231e+02   7.9757692e+01   7.1500000e+01   8.7026923e+01   7.8215385e+01   6.4492308e+01   7.7042308e+01   5.6807692e+01   5.0515385e+01   5.2876923e+01   5.2373077e+01   4.5846154e+01   4.4346154e+01   4.0050000e+01
   8.5000000e+02   4.4700000e+02   3.3021538e+02   2.3368846e+02   2.2529615e+02   2.1887308e+02   1.4049615e+02   1.2378846e+02   1.1151538e+02   9.5957692e+01   1.0026154e+02   8.4892308e+01   8.8723077e+01   9.9015385e+01   7.1107692e+01   6.7338462e+01   6.7980769e+01   6.3342308e+01   5.7150000e+01   5.9265385e+01   4.5534615e+01   5.6619231e+01   4.7888462e+01   5.9896154e+01   4.6400000e+01
   8.5000000e+02   4.6475385e+02   4.1871154e+02   2.7357692e+02   1.9563846e+02   1.7251538e+02   1.6951154e+02   1.2728077e+02   1.1318846e+02   9.0846154e+01   8.4780769e+01   7.8411538e+01   7.9173077e+01   6.9150000e+01   7.3723077e+01   6.7207692e+01   6.2500000e+01   5.6850000e+01   5.2100000e+01   4.6838462e+01   4.9215385e+01   5.7315385e+01   4.4007692e+01   4.4600000e+01   4.9292308e+01
   8.5000000e+02   4.5661538e+02   2.9046154e+02   2.5140000e+02   1.9971923e+02   1.4853462e+02   1.7413077e+02   1.3358077e+02   1.3346538e+02   1.1049615e+02   1.0906154e+02   8.9257692e+01   7.8250000e+01   7.4796154e+01   6.8896154e+01   7.0053846e+01   6.5380769e+01   6.1584615e+01   5.6150000e+01   6.1746154e+01   5.5230769e+01   4.8388462e+01   4.4446154e+01   4.2838462e+01   4.5738462e+01
   8.5000000e+02   4.6044615e+02   2.8911538e+02   2.3683077e+02   2.1801154e+02   1.8288077e+02   1.4894615e+02   1.5836154e+02   1.1181923e+02   9.7296154e+01   9.3503846e+01   9.0984615e+01   9.6611538e+01   8.3638462e+01   9.9192308e+01   7.1607692e+01   6.1942308e+01   6.0926923e+01   5.2238462e+01   5.3457692e+01   4.7965385e+01   5.1357692e+01   4.4992308e+01   4.7534615e+01   4.2492308e+01
   8.5000000e+02   4.6838462e+02   2.8835769e+02   2.4205385e+02   2.0295385e+02   1.8813846e+02   1.2433077e+02   1.3788846e+02   1.1313077e+02   1.4763846e+02   9.7876923e+01   7.7046154e+01   7.9315385e+01   7.5784615e+01   8.1757692e+01   6.9457692e+01   5.8469231e+01   5.3953846e+01   5.2403846e+01   5.2976923e+01   4.6838462e+01   5.1007692e+01   4.4842308e+01   4.6765385e+01   3.9903846e+01
   8.5000000e+02   4.4684615e+02   2.8645385e+02   2.4783077e+02   2.0254615e+02   1.5183846e+02   1.3377692e+02   1.5105769e+02   1.3588077e+02   1.0054231e+02   1.5894231e+02   9.6419231e+01   7.9280769e+01   7.5384615e+01   7.7476923e+01   6.4030769e+01   7.4534615e+01   5.5584615e+01   7.9184615e+01   4.9600000e+01   5.0500000e+01   4.3315385e+01   5.4973077e+01   4.3369231e+01   4.0415385e+01
   8.5000000e+02   4.5977692e+02   2.9016923e+02   2.3510385e+02   2.2252308e+02   1.7654231e+02   1.3878846e+02   1.1387692e+02   1.1626154e+02   1.0628077e+02   1.0180385e+02   9.6196154e+01   8.3038462e+01   6.6123077e+01   7.7892308e+01   6.1784615e+01   5.7284615e+01   5.6607692e+01   5.4376923e+01   5.0461538e+01   6.0907692e+01   4.9019231e+01   4.8223077e+01   4.4092308e+01   3.9823077e+01
   8.5000000e+02   4.6796923e+02   2.9159231e+02   2.8374231e+02   1.9229231e+02   1.8900000e+02   1.7440769e+02   1.2939231e+02   1.0293846e+02   1.1867308e+02   9.3503846e+01   8.4300000e+01   8.5403846e+01   7.8588462e+01   7.2492308e+01   7.2300000e+01   6.0030769e+01   6.1096154e+01   5.7223077e+01   5.4923077e+01   4.8857692e+01   4.7119231e+01   4.6746154e+01   4.6600000e+01   4.3969231e+01
   8.5000000e+02   4.6623077e+02   3.3638077e+02   2.4981923e+02   2.3557308e+02   1.8661923e+02   1.5181923e+02   1.1611154e+02   1.2168077e+02   1.0118077e+02   8.8700000e+01   1.4302308e+02   7.7780769e+01   7.5580769e+01   7.6980769e+01   7.2765385e+01   6.8150000e+01   5.5107692e+01   5.4646154e+01   5.3188462e+01   4.8988462e+01   5.3596154e+01   4.3669231e+01   4.3753846e+01   5.1446154e+01
   8.5000000e+02   4.5671538e+02   4.0122692e+02   2.3922308e+02   2.2155769e+02   1.4548846e+02   1.3258077e+02   1.4345769e+02   1.0457308e+02   1.0508462e+02   1.0577308e+02   8.8523077e+01   7.8765385e+01   6.9600000e+01   6.6938462e+01   6.3107692e+01   6.2550000e+01   5.5484615e+01   5.7757692e+01   4.7157692e+01   4.5911538e+01   4.4026923e+01   4.4092308e+01   5.2930769e+01   4.2223077e+01
   8.5000000e+02   4.7521538e+02   2.8790000e+02   2.4995385e+02   2.0664615e+02   1.6953462e+02   1.7428846e+02   1.0744231e+02   1.3366538e+02   1.1716923e+02   1.0578077e+02   1.0194615e+02   8.9023077e+01   7.7076923e+01   6.6407692e+01   6.0357692e+01   6.0842308e+01   5.6992308e+01   5.9550000e+01   5.7203846e+01   4.6276923e+01   4.5884615e+01   4.3311538e+01   4.4300000e+01   4.0500000e+01
   8.5000000e+02   4.5743077e+02   2.8413846e+02   2.3082308e+02   2.1656923e+02   1.4670000e+02   1.7552308e+02   1.3573077e+02   9.9892308e+01   9.5257692e+01   8.8700000e+01   8.7207692e+01   7.7353846e+01   9.6903846e+01   7.4696154e+01   6.5811538e+01   6.3192308e+01   5.5465385e+01   6.4423077e+01   4.9984615e+01   4.6219231e+01   4.9784615e+01   4.4661538e+01   4.7792308e+01   3.8111538e+01
   8.5000000e+02   4.5638462e+02   2.9181538e+02   2.4904231e+02   2.1397692e+02   1.4443846e+02   1.8182692e+02   1.3914231e+02   1.0885000e+02   1.0901154e+02   9.0003846e+01   8.3130769e+01   7.1665385e+01   7.8042308e+01   6.6007692e+01   7.2711538e+01   5.4707692e+01   5.6538462e+01   5.5392308e+01   5.0896154e+01   5.1715385e+01   4.5957692e+01   4.7461538e+01   4.3973077e+01   4.8869231e+01
   8.5000000e+02   4.4549231e+02   2.8951538e+02   2.3280000e+02   2.0325385e+02   1.9586923e+02   1.4229231e+02   1.1890385e+02   1.0992308e+02   1.0188462e+02   8.5265385e+01   9.6796154e+01   7.1907692e+01   7.7865385e+01   8.3657692e+01   6.8096154e+01   5.5407692e+01   6.8076923e+01   5.8803846e+01   5.0165385e+01   4.8915385e+01   4.9876923e+01   4.2992308e+01   4.7376923e+01   4.1607692e+01
   8.5000000e+02   4.6427692e+02   2.8868077e+02   2.4713462e+02   2.3261154e+02   1.7755000e+02   1.6800769e+02   1.2636154e+02   1.2230769e+02   9.8884615e+01   9.6203846e+01   9.1723077e+01   8.5469231e+01   7.8273077e+01   6.5300000e+01   7.0792308e+01   5.6342308e+01   6.1784615e+01   5.8415385e+01   5.1396154e+01   5.7769231e+01   5.1615385e+01   4.7807692e+01   4.3280769e+01   5.0861538e+01
   8.5000000e+02   4.5978462e+02   2.8785385e+02   3.9239231e+02   2.1900769e+02   1.8668846e+02   1.6683846e+02   1.2195000e+02   1.1208077e+02   9.4753846e+01   9.5361538e+01   8.5534615e+01   7.4253846e+01   7.3919231e+01   6.9384615e+01   6.0053846e+01   6.0869231e+01   6.8507692e+01   5.1903846e+01   5.2573077e+01   4.6488462e+01   4.2888462e+01   4.0853846e+01   4.3276923e+01   5.4669231e+01
   8.5000000e+02   4.5066154e+02   2.8636538e+02   2.6879231e+02   2.0038462e+02   1.6393846e+02   1.3605385e+02   1.3477692e+02   1.2212692e+02   9.5476923e+01   1.0936538e+02   8.5265385e+01   7.2307692e+01   7.6526923e+01   6.8384615e+01   6.5842308e+01   5.7530769e+01   5.4196154e+01   5.6680769e+01   6.1915385e+01   5.3411538e+01   4.6415385e+01   4.4269231e+01   4.8676923e+01   4.4315385e+01
   8.5000000e+02   4.6242308e+02   4.0672692e+02   2.4496154e+02   1.9381538e+02   1.8130769e+02   1.9325385e+02   1.1556538e+02   1.0638846e+02   1.0667308e+02   8.9053846e+01   9.8096154e+01   7.8138462e+01   6.9561538e+01   7.5011538e+01   6.2811538e+01   6.1773077e+01   6.4069231e+01   6.2053846e+01   4.8242308e+01   4.5565385e+01   4.9526923e+01   4.2803846e+01   4.3419231e+01   3.9019231e+01
   8.5000000e+02   4.6161538e+02   4.1188077e+02   2.3492308e+02   2.2959231e+02   1.7865769e+02   1.3992692e+02   1.1321538e+02   1.1865385e+02   9.3773077e+01   1.0023462e+02   8.6207692e+01   7.6330769e+01   7.4976923e+01   8.1907692e+01   6.7496154e+01   6.6103846e+01   5.9296154e+01   6.1519231e+01   5.0042308e+01   4.9715385e+01   5.4084615e+01   5.6734615e+01   4.9138462e+01   4.6780769e+01
   8.5000000e+02   4.6003077e+02   3.3506923e+02   2.4906923e+02   1.9761538e+02   1.8627692e+02   1.7999231e+02   1.3739231e+02   1.0717692e+02   9.3026923e+01   1.0511538e+02   8.4592308e+01   7.9384615e+01   6.4907692e+01   6.9926923e+01   6.6084615e+01   8.3446154e+01   6.4180769e+01   9.0119231e+01   5.1438462e+01   5.2134615e+01   5.4688462e+01   4.7607692e+01   4.6530769e+01   4.4011538e+01
   8.5000000e+02   4.4296923e+02   2.9233846e+02   2.5497308e+02   2.2913846e+02   1.7654231e+02   1.6636538e+02   1.2243462e+02   1.1248846e+02   1.0746154e+02   8.7273077e+01   9.3584615e+01   7.5496154e+01   6.6823077e+01   8.7588462e+01   6.2080769e+01   6.3107692e+01   5.7784615e+01   5.5157692e+01   5.0611538e+01   5.0230769e+01   5.2384615e+01   5.3773077e+01   4.7165385e+01   4.2615385e+01
   8.5000000e+02   4.6592308e+02   2.9067692e+02   2.3504615e+02   2.2423077e+02   1.9031538e+02   1.6379615e+02   1.4054231e+02   1.5185385e+02   9.5030769e+01   1.0437308e+02   8.9346154e+01   7.1473077e+01   8.8850000e+01   6.7665385e+01   6.6607692e+01   6.7950000e+01   6.4373077e+01   6.7169231e+01   5.7888462e+01   4.9811538e+01   4.9238462e+01   4.5823077e+01   4.5750000e+01   4.2076923e+01
   8.5000000e+02   4.5790769e+02   2.8936154e+02   2.3916923e+02   2.0012692e+02   1.4612692e+02   1.4617692e+02   1.1958077e+02   1.1183846e+02   1.1677308e+02   9.2946154e+01   9.6926923e+01   7.9130769e+01   8.0230769e+01   6.8853846e+01   6.4638462e+01   6.2642308e+01   5.3034615e+01   5.5638462e+01   5.8542308e+01   4.8534615e+01   5.2796154e+01   4.2469231e+01   5.0142308e+01   4.3869231e+01
   8.5000000e+02   4.6715385e+02   2.8776538e+02   2.4837308e+02   1.9475769e+02   2.2025000e+02   1.2323077e+02   1.5446154e+02   1.0661154e+02   1.0003462e+02   1.0263462e+02   9.7350000e+01   7.5800000e+01   7.6846154e+01   6.4950000e+01   6.8169231e+01   7.9957692e+01   5.3196154e+01   5.3107692e+01   5.5703846e+01   5.6203846e+01   5.1984615e+01   4.6615385e+01   4.5434615e+01   4.1050000e+01
   8.5000000e+02   4.7034615e+02   2.8815385e+02   2.5128846e+02   2.0164615e+02   1.4525000e+02   1.6650769e+02   1.2420000e+02   1.0828077e+02   1.0785385e+02   8.4346154e+01   8.2642308e+01   9.2896154e+01   7.7061538e+01   7.3126923e+01   6.5461538e+01   6.6123077e+01   5.7250000e+01   5.3611538e+01   5.3434615e+01   5.6930769e+01   6.2265385e+01   4.7530769e+01   4.1361538e+01   4.4953846e+01
   8.5000000e+02   4.5592308e+02   2.8869231e+02   2.3952692e+02   2.1437692e+02   1.8549231e+02   1.7180385e+02   1.1606538e+02   1.2355769e+02   1.1673846e+02   8.9753846e+01   9.5496154e+01   7.7107692e+01   6.9757692e+01   6.8507692e+01   6.1400000e+01   5.7419231e+01   5.6988462e+01   4.9757692e+01   4.9084615e+01   5.1807692e+01   4.8650000e+01   5.1161538e+01   4.0050000e+01   4.3307692e+01
   8.5000000e+02   4.6215385e+02   4.4322692e+02   2.3596538e+02   1.9816538e+02   1.7147692e+02   1.6733846e+02   1.7380769e+02   1.1244615e+02   9.6800000e+01   8.8461538e+01   1.4464615e+02   8.0088462e+01   7.3426923e+01   7.6507692e+01   7.8203846e+01   8.0411538e+01   6.0896154e+01   6.0784615e+01   4.9603846e+01   5.6650000e+01   5.2276923e+01   5.0576923e+01   4.0273077e+01   4.3969231e+01
   8.5000000e+02   4.5952308e+02   2.8579231e+02   2.3585000e+02   1.8169615e+02   1.9100000e+02   1.3552308e+02   1.1131538e+02   1.1236923e+02   1.1120769e+02   9.8646154e+01   8.0707692e+01   7.5984615e+01   7.5142308e+01   6.7538462e+01   6.5380769e+01   6.1696154e+01   6.1315385e+01   5.2876923e+01   5.1011538e+01   5.2515385e+01   5.1988462e+01   4.7846154e+01   4.0626923e+01   4.5792308e+01
   8.5000000e+02   4.5365385e+02   2.8388846e+02   2.3651538e+02   2.2999231e+02   1.8330000e+02   1.7753846e+02   1.5566538e+02   1.0425000e+02   1.3345769e+02   1.0479231e+02   8.8950000e+01   8.1788462e+01   7.9696154e+01   1.4559231e+02   6.6511538e+01   5.6542308e+01   5.4311538e+01   6.3880769e+01   6.1688462e+01   4.5976923e+01   4.5800000e+01   4.3915385e+01   4.2796154e+01   3.9184615e+01
   8.5000000e+02   4.7064615e+02   2.9041154e+02   2.3649231e+02   1.9416923e+02   1.8165000e+02   1.5960385e+02   1.1485000e+02   1.0058846e+02   1.0088462e+02   8.8796154e+01   8.0165385e+01   8.8619231e+01   8.0634615e+01   7.9707692e+01   7.9565385e+01   6.1965385e+01   5.9557692e+01   5.4976923e+01   5.5950000e+01   5.1180769e+01   4.9538462e+01   4.8242308e+01   4.2134615e+01   4.4996154e+01
   8.5000000e+02   4.5012308e+02   3.3282308e+02   2.5245769e+02   2.0112692e+02   1.8285000e+02   1.5200385e+02   1.1331923e+02   1.0262692e+02   1.0830385e+02   1.0356154e+02   7.8169231e+01   7.0723077e+01   7.5519231e+01   6.6146154e+01   8.1453846e+01   7.3923077e+01   5.2611538e+01   5.5438462e+01   5.3519231e+01   5.4342308e+01   4.7607692e+01   4.8603846e+01   4.5684615e+01   4.4015385e+01
   8.5000000e+02   4.4730769e+02   2.8708462e+02   2.4419231e+02   2.7658462e+02   1.8892308e+02   1.6768846e+02   1.2666923e+02   1.1992692e+02   1.2255385e+02   9.3646154e+01   8.6265385e+01   1.0737692e+02   7.5792308e+01   9.1842308e+01   6.5669231e+01   1.0290769e+02   6.9911538e+01   6.3419231e+01   5.9888462e+01   6.5350000e+01   5.4011538e+01   4.6026923e+01   5.5526923e+01   4.5442308e+01
   8.5000000e+02   4.6242308e+02   2.8741154e+02   2.3792308e+02   2.1085000e+02   1.7937308e+02   1.3975385e+02   1.5477308e+02   1.2129615e+02   1.0515000e+02   1.0569231e+02   1.0528462e+02   8.2615385e+01   9.6173077e+01   7.8396154e+01   7.4369231e+01   7.0623077e+01   6.7134615e+01   5.8776923e+01   5.3234615e+01   7.0123077e+01   5.1534615e+01   4.9311538e+01   4.9130769e+01   5.7869231e+01
   8.5000000e+02   4.6188462e+02   4.1426923e+02   2.4127308e+02   1.8954615e+02   1.6769615e+02   1.4243077e+02   1.4741538e+02   1.0610385e+02   1.0545769e+02   9.2334615e+01   9.2776923e+01   8.1269231e+01   7.5957692e+01   7.5538462e+01   6.7276923e+01   5.9215385e+01   5.5996154e+01   5.5900000e+01   5.8769231e+01   4.7703846e+01   4.9188462e+01   5.0523077e+01   4.8446154e+01   4.0119231e+01
   8.5000000e+02   4.6533846e+02   3.0307308e+02   2.4468077e+02   1.9629615e+02   1.8385769e+02   1.2995000e+02   1.2430000e+02   1.1395000e+02   9.4942308e+01   9.8423077e+01   8.7080769e+01   7.5761538e+01   6.7530769e+01   6.9000000e+01   6.4507692e+01   5.6930769e+01   5.4596154e+01   5.2603846e+01   6.0657692e+01   5.6284615e+01   4.9300000e+01   4.7592308e+01   4.5442308e+01   4.3976923e+01
   8.5000000e+02   4.6800000e+02   3.3987692e+02   2.5063846e+02   2.3958077e+02   2.7114231e+02   1.3463846e+02   1.3678462e+02   1.2374231e+02   1.1592692e+02   9.2126923e+01   9.4026923e+01   7.8238462e+01   8.2000000e+01   7.1019231e+01   7.1700000e+01   6.7823077e+01   6.9330769e+01   6.2161538e+01   5.0300000e+01   6.1842308e+01   4.5153846e+01   5.1815385e+01   4.3861538e+01   4.6434615e+01
   8.5000000e+02   4.4936923e+02   3.9037308e+02   2.5049231e+02   1.9218462e+02   1.8001538e+02   1.5457692e+02   1.2032308e+02   1.2184231e+02   1.6544231e+02   8.6765385e+01   8.3100000e+01   8.3919231e+01   7.6646154e+01   7.3726923e+01   6.4292308e+01   5.7426923e+01   5.8973077e+01   6.4815385e+01   7.9726923e+01   5.2965385e+01   5.1853846e+01   4.6861538e+01   4.2534615e+01   4.6607692e+01
   8.5000000e+02   4.6028462e+02   2.9088462e+02   3.1645769e+02   1.9848846e+02   1.4631923e+02   1.3755000e+02   1.4116538e+02   1.2505385e+02   9.7692308e+01   9.5265385e+01   8.6857692e+01   1.0087692e+02   7.5342308e+01   8.5580769e+01   6.9807692e+01   6.1584615e+01   6.2073077e+01   5.5569231e+01   6.1819231e+01   5.1300000e+01   5.3715385e+01   5.0050000e+01   4.8911538e+01   4.2865385e+01
   8.5000000e+02   4.5407692e+02   2.8829231e+02   2.4867692e+02   1.8892308e+02   1.9438462e+02   1.3067692e+02   1.1606538e+02   1.3916923e+02   1.0600385e+02   9.0961538e+01   9.5115385e+01   8.8788462e+01   7.6061538e+01   7.5073077e+01   7.2284615e+01   5.6496154e+01   6.3738462e+01   5.7246154e+01   5.9650000e+01   5.7576923e+01   5.0738462e+01   4.5580769e+01   5.9626923e+01   4.7192308e+01
   8.5000000e+02   4.6446154e+02   2.8893462e+02   3.1685769e+02   1.9693846e+02   1.4436154e+02   1.5746538e+02   1.2591538e+02   1.3469231e+02   1.4890385e+02   9.5138462e+01   8.6146154e+01   9.2376923e+01   6.9719231e+01   6.7061538e+01   5.7003846e+01   5.9019231e+01   6.3342308e+01   5.7800000e+01   5.6050000e+01   4.9853846e+01   4.9792308e+01   4.2073077e+01   4.6250000e+01   4.1630769e+01
   8.5000000e+02   4.5407692e+02   2.8826154e+02   2.3321538e+02   1.9198462e+02   1.8043846e+02   1.6516923e+02   1.6748846e+02   1.0458846e+02   9.7738462e+01   9.3750000e+01   8.6630769e+01   9.2680769e+01   7.5065385e+01   7.1819231e+01   6.2584615e+01   6.2842308e+01   6.1826923e+01   6.1903846e+01   5.2069231e+01   4.4146154e+01   4.3465385e+01   4.9919231e+01   5.1811538e+01   4.0457692e+01
   8.5000000e+02   4.4987692e+02   2.8721923e+02   2.2973846e+02   1.7888846e+02   1.8670769e+02   1.5282308e+02   1.3762308e+02   1.0286923e+02   9.9573077e+01   8.9015385e+01   8.2273077e+01   8.0692308e+01   7.3988462e+01   7.7750000e+01   6.1315385e+01   6.3550000e+01   5.7284615e+01   5.3592308e+01   5.0007692e+01   4.4542308e+01   4.8961538e+01   5.0219231e+01   4.3553846e+01   4.1507692e+01
   8.5000000e+02   4.5645385e+02   2.9854231e+02   2.4405000e+02   2.3257692e+02   2.1484231e+02   1.4580385e+02   1.7249615e+02   1.1888462e+02   1.0097308e+02   8.7084615e+01   1.4710000e+02   8.0926923e+01   7.7884615e+01   8.6480769e+01   7.3519231e+01   5.5396154e+01   6.4400000e+01   5.9426923e+01   5.4442308e+01   5.1838462e+01   6.1442308e+01   4.5573077e+01   4.7715385e+01   4.4946154e+01
   8.5000000e+02   4.5121538e+02   2.8469231e+02   2.3681154e+02   2.1796923e+02   1.5140000e+02   1.2836538e+02   1.0883077e+02   1.1444231e+02   9.8857692e+01   8.9784615e+01   8.4246154e+01   8.3776923e+01   6.7273077e+01   7.6284615e+01   6.3115385e+01   7.2580769e+01   5.6238462e+01   5.7169231e+01   5.5823077e+01   5.6519231e+01   4.4742308e+01   4.6934615e+01   4.8980769e+01   4.0423077e+01
   8.5000000e+02   4.4886154e+02   2.8600000e+02   2.2831538e+02   1.8793846e+02   1.8690000e+02   1.2452692e+02   1.2354615e+02   1.0615385e+02   1.0333462e+02   9.9046154e+01   9.5676923e+01   8.0880769e+01   7.2111538e+01   6.7211538e+01   6.0469231e+01   7.6311538e+01   5.4892308e+01   6.2180769e+01   6.0400000e+01   5.8800000e+01   4.2580769e+01   4.3369231e+01   4.4238462e+01   4.5542308e+01
   8.5000000e+02   4.4761538e+02   2.8964615e+02   2.7238462e+02   2.0574615e+02   1.7407692e+02   1.3068846e+02   1.2723846e+02   1.2695000e+02   1.0806923e+02   9.3900000e+01   7.8930769e+01   8.6319231e+01   7.5757692e+01   7.7119231e+01   7.1588462e+01   6.1880769e+01   6.2250000e+01   5.4500000e+01   5.0834615e+01   6.0369231e+01   5.7192308e+01   4.4938462e+01   4.2926923e+01   4.0742308e+01
   8.5000000e+02   4.5288462e+02   2.8566154e+02   2.2921923e+02   2.0035385e+02   1.4676923e+02   1.2988077e+02   1.6712308e+02   9.9826923e+01   1.1774231e+02   8.2911538e+01   7.9407692e+01   7.9911538e+01   7.1296154e+01   6.6111538e+01   6.8873077e+01   6.6119231e+01   5.7784615e+01   5.1715385e+01   5.0884615e+01   5.0769231e+01   4.9580769e+01   4.3142308e+01   4.1876923e+01   4.9561538e+01
   8.5000000e+02   4.4653846e+02   2.8772308e+02   2.5166923e+02   2.0736538e+02   1.4787308e+02   1.5567308e+02   1.2719615e+02   1.7428077e+02   1.1338846e+02   1.0986538e+02   9.0938462e+01   7.5138462e+01   8.6000000e+01   7.4742308e+01   6.1630769e+01   6.7211538e+01   5.6242308e+01   5.9080769e+01   5.3142308e+01   5.1423077e+01   5.1480769e+01   6.1257692e+01   4.3450000e+01   4.2111538e+01
   8.5000000e+02   4.5734615e+02   4.1307692e+02   2.3848077e+02   1.9846154e+02   1.7548462e+02   1.6895385e+02   1.4051538e+02   1.2320000e+02   1.2284231e+02   9.5600000e+01   8.1826923e+01   8.4046154e+01   7.1719231e+01   8.2642308e+01   7.6030769e+01   7.4273077e+01   6.1134615e+01   5.7407692e+01   5.0611538e+01   5.9803846e+01   5.7338462e+01   5.2200000e+01   4.0696154e+01   4.4180769e+01
   8.5000000e+02   4.4970769e+02   2.9071538e+02   2.6693462e+02   2.2236923e+02   2.0859231e+02   1.2928462e+02   1.1784615e+02   1.3905769e+02   1.0122308e+02   1.3437692e+02   9.2507692e+01   8.2361538e+01   7.8700000e+01   7.7111538e+01   7.2411538e+01   6.6607692e+01   5.9703846e+01   5.2684615e+01   5.5580769e+01   4.5530769e+01   5.2103846e+01   5.0069231e+01   4.4123077e+01   4.3380769e+01
   8.5000000e+02   4.5515385e+02   3.9942308e+02   2.6676538e+02   2.0009615e+02   2.3023077e+02   1.7418077e+02   1.4939231e+02   1.4933077e+02   1.0265000e+02   9.0026923e+01   8.9438462e+01   8.4719231e+01   8.4561538e+01   8.4253846e+01   6.9207692e+01   5.3946154e+01   7.2257692e+01   5.0634615e+01   5.2900000e+01   5.7823077e+01   6.9515385e+01   4.9953846e+01   4.8650000e+01   4.6088462e+01
   8.5000000e+02   4.6079231e+02   4.2190000e+02   2.3338462e+02   2.1800000e+02   1.4832692e+02   1.3457308e+02   1.7327308e+02   1.1116154e+02   1.0268077e+02   1.1138077e+02   8.1903846e+01   7.3723077e+01   7.8092308e+01   7.2592308e+01   6.8650000e+01   7.7823077e+01   5.6069231e+01   5.9073077e+01   5.2980769e+01   4.7261538e+01   4.8953846e+01   4.4526923e+01   3.9696154e+01   4.4603846e+01
   8.5000000e+02   4.7069231e+02   2.9185769e+02   2.4380769e+02   2.3277308e+02   1.7895769e+02   1.7676154e+02   1.2387308e+02   1.1796923e+02   1.5080000e+02   9.6107692e+01   8.4984615e+01   1.0491538e+02   7.3453846e+01   7.0611538e+01   6.2696154e+01   6.2065385e+01   6.1857692e+01   5.6750000e+01   4.9792308e+01   5.1711538e+01   5.3684615e+01   5.1638462e+01   4.3253846e+01   4.3746154e+01
   8.5000000e+02   4.6900000e+02   2.9951154e+02   2.4588077e+02   1.9835769e+02   1.8053462e+02   1.3216154e+02   1.3008462e+02   1.1554615e+02   9.8892308e+01   8.7869231e+01   8.8853846e+01   7.5800000e+01   7.5496154e+01   6.4492308e+01   6.5684615e+01   6.8969231e+01   6.2188462e+01   5.6196154e+01   5.2257692e+01   5.0811538e+01   4.7161538e+01   4.4461538e+01   5.1496154e+01   4.2238462e+01
   8.5000000e+02   4.4448462e+02   2.8720769e+02   2.4051923e+02   1.9517308e+02   1.4590385e+02   1.7591154e+02   1.2886154e+02   1.1308462e+02   9.7980769e+01   8.8730769e+01   9.8869231e+01   7.6938462e+01   7.9607692e+01   9.6242308e+01   6.9392308e+01   6.5015385e+01   5.9950000e+01   6.2600000e+01   5.1288462e+01   4.5850000e+01   5.0015385e+01   4.4342308e+01   4.4738462e+01   4.3353846e+01
   8.5000000e+02   4.5400000e+02   2.9049615e+02   2.4774615e+02   1.9222308e+02   1.7458077e+02   1.5873846e+02   1.7383077e+02   1.0150385e+02   1.0401154e+02   8.6334615e+01   7.9646154e+01   8.2376923e+01   8.5115385e+01   7.8400000e+01   7.4638462e+01   6.5530769e+01   6.7092308e+01   5.6311538e+01   5.2392308e+01   5.4134615e+01   5.8984615e+01   5.7246154e+01   4.3053846e+01   3.9276923e+01
   8.5000000e+02   4.5340000e+02   2.8676923e+02   3.8153077e+02   1.8456538e+02   2.1798846e+02   1.8040385e+02   1.2763462e+02   1.6610000e+02   1.0731154e+02   1.0137692e+02   8.7765385e+01   8.0642308e+01   7.5107692e+01   8.4180769e+01   7.6119231e+01   6.3500000e+01   6.4615385e+01   5.9326923e+01   4.8030769e+01   7.7546154e+01   4.5038462e+01   4.7496154e+01   4.6300000e+01   4.6600000e+01
   8.5000000e+02   4.4663077e+02   3.9935769e+02   2.2791538e+02   2.4049231e+02   1.8402308e+02   1.7028462e+02   1.3362692e+02   1.1203462e+02   9.2107692e+01   9.0892308e+01   9.5761538e+01   7.2534615e+01   7.7284615e+01   6.4669231e+01   6.3896154e+01   6.2888462e+01   5.7165385e+01   6.3061538e+01   5.1446154e+01   5.5365385e+01   4.9261538e+01   4.6303846e+01   4.4307692e+01   4.4115385e+01
   8.5000000e+02   4.5862308e+02   2.8600769e+02   2.4033846e+02   2.3911538e+02   1.5253462e+02   1.6642692e+02   1.0782692e+02   1.0825769e+02   9.8123077e+01   1.0313462e+02   1.0863077e+02   9.3684615e+01   8.0311538e+01   6.7065385e+01   6.7492308e+01   7.0396154e+01   5.6619231e+01   5.5246154e+01   5.3661538e+01   5.4861538e+01   6.2426923e+01   4.7273077e+01   5.3592308e+01   4.6042308e+01
   8.5000000e+02   4.6580000e+02   2.8350000e+02   2.2547692e+02   1.9807692e+02   1.9135385e+02   1.2915385e+02   1.2261538e+02   1.0634615e+02   9.9634615e+01   9.4226923e+01   8.1261538e+01   8.0861538e+01   8.6315385e+01   6.6426923e+01   8.5542308e+01   6.0950000e+01   6.0488462e+01   5.1338462e+01   4.9984615e+01   4.8665385e+01   4.5084615e+01   4.4865385e+01   3.9638462e+01   4.7553846e+01
   8.5000000e+02   4.5440000e+02   2.8983077e+02   2.3375385e+02   2.0316154e+02   1.7824615e+02   1.3666154e+02   1.1376538e+02   1.1508462e+02   9.1026923e+01   8.9542308e+01   8.1538462e+01   7.4730769e+01   7.5707692e+01   7.3865385e+01   7.0915385e+01   6.5200000e+01   5.6488462e+01   5.2992308e+01   5.1538462e+01   4.4546154e+01   4.6507692e+01   4.2919231e+01   4.1326923e+01   4.3126923e+01
   8.5000000e+02   4.5946154e+02   3.3206538e+02   2.3756923e+02   1.8388462e+02   1.4708846e+02   1.3217308e+02   1.6158462e+02   1.1454615e+02   1.0926538e+02   9.5642308e+01   8.1111538e+01   8.4730769e+01   7.3842308e+01   6.8807692e+01   7.2530769e+01   5.4903846e+01   5.6234615e+01   5.4211538e+01   5.5046154e+01   5.6269231e+01   4.5830769e+01   4.6461538e+01   3.8838462e+01   4.8107692e+01
   8.5000000e+02   4.5901538e+02   2.8671154e+02   2.3480385e+02   2.0737308e+02   1.8864231e+02   1.9651538e+02   1.6253846e+02   1.1962692e+02   9.6346154e+01   9.7353846e+01   9.5223077e+01   8.4234615e+01   7.4526923e+01   7.4569231e+01   6.2784615e+01   6.0896154e+01   6.8653846e+01   5.0846154e+01   6.0326923e+01   5.4507692e+01   4.5707692e+01   5.3573077e+01   4.4896154e+01   4.3107692e+01
   8.5000000e+02   4.5450769e+02   2.9050000e+02   2.5231538e+02   2.4311538e+02   1.9524615e+02   2.0028846e+02   1.4585769e+02   1.1551923e+02   9.8903846e+01   1.0158462e+02   8.6146154e+01   7.1346154e+01   7.3307692e+01   6.3865385e+01   6.4630769e+01   5.9030769e+01   6.9438462e+01   5.5134615e+01   7.5261538e+01   4.5246154e+01   4.8953846e+01   4.6030769e+01   4.2657692e+01   4.4907692e+01
   8.5000000e+02   4.6342308e+02   3.3648077e+02   2.4086154e+02   1.9472692e+02   1.8735000e+02   1.6654615e+02   1.4461154e+02   1.1247308e+02   1.0904231e+02   1.0736154e+02   8.5396154e+01   7.8742308e+01   6.7396154e+01   8.6257692e+01   6.6484615e+01   5.5646154e+01   6.4834615e+01   6.8807692e+01   5.4911538e+01   4.8884615e+01   4.9369231e+01   5.0988462e+01   4.4273077e+01   4.1380769e+01
   8.5000000e+02   4.4761538e+02   2.8994231e+02   2.5102308e+02   1.7372308e+02   1.9440000e+02   1.3889615e+02   1.3344231e+02   1.0903846e+02   9.1230769e+01   9.0634615e+01   8.5584615e+01   7.8126923e+01   9.6811538e+01   6.4157692e+01   6.6857692e+01   5.5915385e+01   6.3073077e+01   6.1676923e+01   5.4088462e+01   4.8626923e+01   5.7907692e+01   4.3500000e+01   4.8069231e+01   4.1323077e+01
   8.5000000e+02   4.5546154e+02   3.2615385e+02   2.5003077e+02   2.0463077e+02   1.8778846e+02   1.3373077e+02   1.1772692e+02   1.0388846e+02   1.1021923e+02   9.1061538e+01   8.0830769e+01   1.4393077e+02   6.8850000e+01   7.4450000e+01   6.9323077e+01   6.1280769e+01   5.6026923e+01   5.0823077e+01   6.2323077e+01   4.7403846e+01   4.9057692e+01   5.6511538e+01   4.8057692e+01   4.1688462e+01
   8.5000000e+02   4.5386923e+02   3.3146923e+02   2.4030769e+02   2.1789615e+02   1.6689231e+02   1.7959231e+02   1.4119615e+02   1.4335000e+02   9.5507692e+01   1.0633462e+02   9.8053846e+01   9.0030769e+01   8.9684615e+01   8.0719231e+01   6.8776923e+01   6.2669231e+01   5.4784615e+01   5.9403846e+01   6.1426923e+01   5.5100000e+01   4.9400000e+01   4.7176923e+01   4.3988462e+01   4.4084615e+01
   8.5000000e+02   4.5084615e+02   2.8610769e+02   2.6302692e+02   2.0196923e+02   1.8656154e+02   1.2558462e+02   1.2515000e+02   1.2085385e+02   1.1167692e+02   9.1761538e+01   9.3507692e+01   1.0447692e+02   7.8969231e+01   6.7069231e+01   5.9673077e+01   5.9661538e+01   6.0076923e+01   5.1126923e+01   5.1173077e+01   5.2165385e+01   5.0900000e+01   4.2269231e+01   4.3376923e+01   4.1130769e+01
   8.5000000e+02   4.5450769e+02   2.8539231e+02   2.4716154e+02   2.0597692e+02   1.5856154e+02   1.3877308e+02   1.2293077e+02   1.1629231e+02   1.1366923e+02   1.0449231e+02   7.7811538e+01   7.4761538e+01   7.3734615e+01   6.2896154e+01   6.5061538e+01   6.5776923e+01   6.1146154e+01   5.2269231e+01   4.8126923e+01   4.6534615e+01   5.7300000e+01   4.7130769e+01   4.1423077e+01   4.2946154e+01
   8.5000000e+02   4.5192308e+02   2.8880000e+02   2.3404615e+02   2.0223462e+02   1.8358846e+02   2.0291154e+02   1.6675769e+02   1.5071154e+02   1.0063462e+02   9.1665385e+01   8.5769231e+01   7.6984615e+01   7.1019231e+01   6.6623077e+01   6.1223077e+01   6.1950000e+01   5.4965385e+01   5.5023077e+01   6.0211538e+01   5.3488462e+01   4.7000000e+01   4.3926923e+01   4.3234615e+01   4.2180769e+01
   8.5000000e+02   4.5977692e+02   2.8723846e+02   2.3320385e+02   2.1207308e+02   1.9138462e+02   1.7943462e+02   1.2260000e+02   1.1701154e+02   1.1265000e+02   1.1210385e+02   8.5403846e+01   9.4042308e+01   7.9730769e+01   7.5707692e+01   6.8353846e+01   5.8392308e+01   6.0115385e+01   5.9257692e+01   4.9861538e+01   5.5976923e+01   5.0076923e+01   4.5300000e+01   4.1238462e+01   3.8561538e+01
   8.5000000e+02   4.4370769e+02   3.2410769e+02   2.5063846e+02   1.8401923e+02   1.8144615e+02   1.3060385e+02   1.2033846e+02   1.0915000e+02   1.0609615e+02   9.5573077e+01   1.1835769e+02   1.0702692e+02   8.6780769e+01   7.1915385e+01   6.6519231e+01   6.1338462e+01   6.3669231e+01   4.9600000e+01   4.7215385e+01   5.3169231e+01   5.4596154e+01   4.9792308e+01   4.5419231e+01   3.9592308e+01
   8.5000000e+02   4.5192308e+02   4.0000769e+02   2.4906923e+02   1.8144615e+02   1.7569615e+02   1.4439231e+02   1.2406154e+02   1.6207692e+02   1.1658462e+02   1.0347308e+02   8.2061538e+01   7.5976923e+01   7.6203846e+01   6.7261538e+01   6.7376923e+01   5.6888462e+01   5.8796154e+01   5.5996154e+01   5.1361538e+01   4.7923077e+01   4.1415385e+01   5.0461538e+01   4.3442308e+01   4.3461538e+01
   8.5000000e+02   4.6832308e+02   4.1887692e+02   2.4295385e+02   1.9413462e+02   1.8108462e+02   1.3663846e+02   1.3512692e+02   1.3238077e+02   1.0857692e+02   8.8557692e+01   9.8965385e+01   7.7042308e+01   7.3638462e+01   9.0419231e+01   6.7446154e+01   7.0450000e+01   6.4388462e+01   5.3250000e+01   5.2053846e+01   4.5919231e+01   4.6065385e+01   4.8853846e+01   4.3180769e+01   4.2996154e+01
   8.5000000e+02   4.6285385e+02   2.8991538e+02   2.4910000e+02   2.0573462e+02   1.8958462e+02   1.6047308e+02   1.2245769e+02   1.4346923e+02   1.1376538e+02   1.0916154e+02   8.7657692e+01   9.3423077e+01   6.9361538e+01   7.3515385e+01   9.7723077e+01   6.4957692e+01   6.5407692e+01   5.9650000e+01   5.1500000e+01   5.2896154e+01   4.8734615e+01   5.3726923e+01   5.2300000e+01   4.9534615e+01
   8.5000000e+02   4.5288462e+02   2.8863077e+02   2.4194231e+02   2.0275385e+02   1.9561538e+02   1.3813846e+02   1.1853077e+02   1.5816154e+02   1.0265385e+02   9.7623077e+01   8.9303846e+01   8.1100000e+01   6.6496154e+01   8.0430769e+01   7.6634615e+01   7.0353846e+01   7.6534615e+01   5.3007692e+01   5.7346154e+01   6.2742308e+01   4.8119231e+01   4.5196154e+01   4.7303846e+01   4.6719231e+01
   8.5000000e+02   4.4923846e+02   3.9083846e+02   2.4730000e+02   2.2475385e+02   1.6268462e+02   1.4988462e+02   1.2562692e+02   1.6977692e+02   1.0716923e+02   8.8326923e+01   8.4273077e+01   8.2100000e+01   6.6369231e+01   6.8396154e+01   6.2615385e+01   5.5188462e+01   5.8788462e+01   5.9530769e+01   5.8050000e+01   4.9815385e+01   4.6080769e+01   4.7692308e+01   4.6361538e+01   4.3484615e+01
   8.5000000e+02   4.6053846e+02   2.8952308e+02   2.7878846e+02   1.8794615e+02   1.5851923e+02   1.7722308e+02   1.2355385e+02   1.2093846e+02   1.0206923e+02   1.1780000e+02   8.9853846e+01   7.7811538e+01   7.8130769e+01   7.3003846e+01   7.0573077e+01   6.2361538e+01   5.3684615e+01   5.6430769e+01   4.8915385e+01   5.4303846e+01   4.7050000e+01   5.2250000e+01   4.2315385e+01   4.4334615e+01
   8.5000000e+02   4.5838462e+02   2.8661538e+02   2.4111538e+02   2.4218846e+02   1.9050000e+02   1.7761538e+02   1.1838077e+02   1.0138846e+02   1.0055000e+02   9.4369231e+01   8.2896154e+01   8.2307692e+01   8.6523077e+01   7.5196154e+01   7.4300000e+01   6.4969231e+01   6.8034615e+01   6.6842308e+01   5.1826923e+01   6.2807692e+01   4.9019231e+01   4.8100000e+01   4.5100000e+01   4.0646154e+01
   8.5000000e+02   4.5360000e+02   2.9170000e+02   2.3616154e+02   2.2625385e+02   1.8814231e+02   1.8225385e+02   1.3318462e+02   1.1075769e+02   9.2092308e+01   1.1016923e+02   9.8730769e+01   9.5115385e+01   8.5515385e+01   7.9769231e+01   6.3011538e+01   7.4400000e+01   6.8511538e+01   5.7992308e+01   5.7511538e+01   6.5576923e+01   6.2734615e+01   5.1484615e+01   4.0180769e+01   4.0753846e+01
   8.5000000e+02   4.4713077e+02   4.0936538e+02   3.7176923e+02   2.1668846e+02   1.8986923e+02   1.5345385e+02   1.8718077e+02   1.2693077e+02   1.0221923e+02   9.7165385e+01   7.7396154e+01   7.8765385e+01   8.2273077e+01   7.5992308e+01   6.9661538e+01   6.9446154e+01   6.2723077e+01   6.2300000e+01   5.8538462e+01   4.8246154e+01   4.5807692e+01   4.8857692e+01   4.3361538e+01   5.1903846e+01
   8.5000000e+02   4.6896154e+02   2.8782692e+02   2.3236154e+02   2.0676154e+02   1.4498077e+02   1.3331538e+02   1.2487692e+02   1.5366538e+02   1.1781538e+02   9.3869231e+01   8.6696154e+01   8.5107692e+01   7.7496154e+01   7.2030769e+01   6.9261538e+01   6.0984615e+01   6.1807692e+01   5.6369231e+01   5.2946154e+01   5.3534615e+01   4.9130769e+01   4.9934615e+01   4.8603846e+01   4.4576923e+01
   8.5000000e+02   4.6634615e+02   2.8754615e+02   2.4759231e+02   2.2160000e+02   1.8561538e+02   1.3100385e+02   1.6031538e+02   1.0843077e+02   1.0662308e+02   9.9903846e+01   8.3403846e+01   8.9569231e+01   7.8461538e+01   8.3453846e+01   6.2753846e+01   5.8500000e+01   5.3680769e+01   6.0061538e+01   5.4069231e+01   5.5326923e+01   4.6588462e+01   4.6600000e+01   4.1119231e+01   4.5738462e+01
   8.5000000e+02   4.5970769e+02   2.8483077e+02   2.3066923e+02   2.3951923e+02   1.6638846e+02   1.8106154e+02   1.6777308e+02   1.0887308e+02   9.7638462e+01   9.0103846e+01   8.5253846e+01   9.5550000e+01   8.8219231e+01   8.1846154e+01   7.0907692e+01   6.1973077e+01   6.1769231e+01   6.4823077e+01   5.5084615e+01   4.8926923e+01   5.3546154e+01   4.6723077e+01   4.7307692e+01   4.8496154e+01
   8.5000000e+02   4.6456154e+02   2.9043846e+02   2.7862692e+02   2.0023077e+02   1.7305769e+02   1.4125769e+02   1.2085769e+02   1.4271538e+02   1.2415385e+02   1.4811538e+02   8.8161538e+01   7.7600000e+01   7.4069231e+01   8.6376923e+01   5.8611538e+01   6.0626923e+01   5.6423077e+01   5.4326923e+01   6.3723077e+01   5.4073077e+01   6.0650000e+01   4.7357692e+01   4.3880769e+01   4.3538462e+01
   8.5000000e+02   4.5211538e+02   3.9505769e+02   2.3253846e+02   2.1885000e+02   1.7275000e+02   1.4063462e+02   1.0811923e+02   1.6654615e+02   1.6118077e+02   8.7342308e+01   8.1273077e+01   7.7946154e+01   7.9865385e+01   6.7765385e+01   6.8676923e+01   5.7526923e+01   5.8576923e+01   5.0600000e+01   5.1450000e+01   5.5450000e+01   4.4103846e+01   4.4746154e+01   4.5334615e+01   4.0596154e+01
   8.5000000e+02   4.6623077e+02   3.3577308e+02   2.4989231e+02   1.9451154e+02   1.7202692e+02   1.7104231e+02   1.1862692e+02   1.1097308e+02   1.0581538e+02   9.4819231e+01   8.9138462e+01   8.3584615e+01   7.3873077e+01   6.7430769e+01   6.2150000e+01   6.0019231e+01   6.9123077e+01   5.0207692e+01   5.1169231e+01   5.6107692e+01   4.8219231e+01   4.2661538e+01   4.2911538e+01   3.9876923e+01
   8.5000000e+02   4.4575385e+02   3.0448846e+02   2.2437692e+02   1.9055385e+02   1.8645000e+02   1.3034615e+02   1.2661538e+02   1.1481923e+02   1.1053462e+02   8.7703846e+01   8.5584615e+01   7.9926923e+01   6.6019231e+01   8.2161538e+01   7.0307692e+01   6.1200000e+01   5.7484615e+01   5.3557692e+01   5.5176923e+01   5.4119231e+01   5.4069231e+01   5.8461538e+01   3.9646154e+01   4.7169231e+01
   8.5000000e+02   4.5872308e+02   2.9051538e+02   2.8040000e+02   1.9863077e+02   1.8350385e+02   1.4622692e+02   1.3855385e+02   1.2268077e+02   9.8211538e+01   1.0422308e+02   7.9611538e+01   8.7903846e+01   7.3723077e+01   7.4119231e+01   7.0076923e+01   6.3100000e+01   5.2369231e+01   5.8273077e+01   4.8965385e+01   4.9619231e+01   4.9776923e+01   4.6323077e+01   4.4088462e+01   4.2857692e+01
   8.5000000e+02   4.6028462e+02   2.8688462e+02   2.2415769e+02   1.8323077e+02   1.5569615e+02   1.8768462e+02   1.2416154e+02   1.2425000e+02   9.8711538e+01   1.1459231e+02   8.9030769e+01   7.5196154e+01   7.4580769e+01   7.0942308e+01   6.8638462e+01   6.8019231e+01   6.3973077e+01   5.6384615e+01   5.3065385e+01   5.6096154e+01   5.0230769e+01   4.8680769e+01   3.9876923e+01   4.0080769e+01
