   6.7255500e-02   3.6521300e-02   3.3840400e-02   2.1658500e-02   1.8237300e-02   1.6587900e-02   1.8079800e-02   1.6383700e-02   1.3143700e-02   1.3324400e-02   1.2823000e-02   1.2511100e-02   1.2808400e-02   1.2544800e-02   1.2916800e-02   1.2100500e-02   1.1851900e-02   1.1724100e-02   1.3010000e-02   1.2586800e-02   1.3260200e-02   1.3800700e-02   1.3567900e-02   1.4351800e-02   1.4387500e-02
   6.4712000e-02   3.7157000e-02   2.4072500e-02   2.0947400e-02   1.7982500e-02   2.3331500e-02   1.6033400e-02   1.3517400e-02   1.3375700e-02   1.3600200e-02   1.2772600e-02   1.2781900e-02   1.2878200e-02   1.2892900e-02   1.2466600e-02   1.6196200e-02   1.2138600e-02   1.3020400e-02   1.2418100e-02   1.3110800e-02   1.3578900e-02   1.3468100e-02   1.3150000e-02   1.3632600e-02   1.4000500e-02
   6.4919900e-02   3.4984000e-02   2.7292400e-02   2.1601500e-02   1.7786700e-02   1.8394500e-02   2.0285400e-02   1.5425900e-02   1.4114600e-02   1.2830600e-02   1.2419600e-02   1.3411900e-02   1.2446500e-02   1.3292100e-02   1.2344800e-02   1.2277300e-02   1.2135100e-02   1.2381400e-02   1.2463100e-02   1.2527500e-02   1.3107000e-02   1.2964400e-02   1.3262000e-02   1.4203400e-02   1.3901400e-02
   6.4661300e-02   3.5818800e-02   3.2011700e-02   2.1553100e-02   1.8378000e-02   1.9788800e-02   1.7522200e-02   1.3363700e-02   1.2899200e-02   1.2887700e-02   1.3521300e-02   1.2349700e-02   1.2368600e-02   1.2399500e-02   1.2344800e-02   1.1799300e-02   1.1537200e-02   1.2784700e-02   1.2754000e-02   1.3470700e-02   1.3498700e-02   1.2676800e-02   1.3007900e-02   1.4548500e-02   1.4394000e-02
   6.5751500e-02   3.6865700e-02   2.5008800e-02   2.0170800e-02   1.7721300e-02   1.7231600e-02   1.4102900e-02   1.3626400e-02   1.3822800e-02   1.2818900e-02   1.4481300e-02   1.2333200e-02   1.2360100e-02   1.2266500e-02   1.3035900e-02   1.2816300e-02   1.2720800e-02   1.1908100e-02   1.3101400e-02   1.3164900e-02   1.2695600e-02   1.3241800e-02   1.3417100e-02   1.4300300e-02   1.4149200e-02
   6.5139600e-02   3.6276300e-02   2.4163700e-02   2.3937500e-02   1.7388900e-02   1.6186100e-02   1.4498200e-02   1.7053700e-02   1.2677900e-02   1.2617200e-02   1.2152000e-02   1.2095200e-02   1.1977600e-02   1.2116800e-02   1.1675300e-02   1.2445900e-02   1.1746400e-02   1.2109800e-02   1.2518200e-02   1.2702800e-02   1.3288800e-02   1.3036400e-02   1.3682600e-02   1.4038800e-02   1.3924800e-02
   6.6503100e-02   3.7354700e-02   2.4840900e-02   2.1681000e-02   2.0837700e-02   1.7939700e-02   1.5175900e-02   1.3649700e-02   1.2757500e-02   1.2483300e-02   1.2133600e-02   1.3139000e-02   1.1711400e-02   1.2640700e-02   1.3532600e-02   1.2588000e-02   1.2782600e-02   1.2201600e-02   1.2795900e-02   1.2626400e-02   1.3295000e-02   1.4701400e-02   1.4069400e-02   1.3387600e-02   1.4192300e-02
   6.5397400e-02   3.5698000e-02   2.3908200e-02   2.1495900e-02   2.0306600e-02   2.8661400e-02   1.3944300e-02   1.4126400e-02   1.3536800e-02   1.3603900e-02   1.3285800e-02   1.2696600e-02   1.1696300e-02   1.2067900e-02   1.1923700e-02   1.2964800e-02   1.2340800e-02   1.3034700e-02   1.2726400e-02   1.2895600e-02   1.3197200e-02   1.3528300e-02   1.3710300e-02   1.4174800e-02   1.5438800e-02
   6.6640000e-02   3.6315700e-02   2.4189300e-02   2.1909100e-02   1.8098400e-02   1.4348100e-02   1.4264900e-02   1.4933900e-02   1.2871500e-02   1.5731600e-02   1.3096900e-02   1.3881000e-02   1.2288900e-02   1.1747300e-02   1.3358900e-02   1.3315000e-02   1.2757600e-02   1.4290700e-02   1.2707000e-02   1.2580400e-02   1.3552800e-02   1.3822900e-02   1.3111300e-02   1.3980500e-02   1.3847700e-02
   6.7209100e-02   3.6415900e-02   2.7190400e-02   2.0604700e-02   2.0341700e-02   2.0036600e-02   1.4454100e-02   1.3558900e-02   1.3140000e-02   1.2457400e-02   1.2988200e-02   1.2436600e-02   1.2892800e-02   1.3990800e-02   1.2610100e-02   1.3371500e-02   1.2913800e-02   1.2760800e-02   1.2975300e-02   1.3256800e-02   1.2761300e-02   1.5262400e-02   1.3404000e-02   1.4948000e-02   1.4520900e-02
   6.5999500e-02   3.9679000e-02   3.4077000e-02   2.3909200e-02   1.8011400e-02   1.6995600e-02   1.7454800e-02   1.4128900e-02   1.3600200e-02   1.2121800e-02   1.1922200e-02   1.1778200e-02   1.2166200e-02   1.2689100e-02   1.2343100e-02   1.2499800e-02   1.2402600e-02   1.2345200e-02   1.2176100e-02   1.2658600e-02   1.3123800e-02   1.4278400e-02   1.3338300e-02   1.3382800e-02   1.4450900e-02
   6.6007300e-02   3.6450000e-02   2.4312700e-02   2.1602600e-02   1.8227500e-02   1.4663500e-02   1.7140300e-02   1.4368800e-02   1.4875000e-02   1.3432100e-02   1.3589700e-02   1.2781400e-02   1.3067800e-02   1.2425700e-02   1.2206800e-02   1.2488700e-02   1.2607000e-02   1.2980600e-02   1.3016000e-02   1.3204800e-02   1.3133100e-02   1.3547900e-02   1.3375700e-02   1.3436100e-02   1.4329800e-02
   6.5311300e-02   3.6288700e-02   2.5341100e-02   2.0504300e-02   1.9576900e-02   1.7190300e-02   1.5203300e-02   1.6094400e-02   1.3071400e-02   1.2553700e-02   1.2462300e-02   1.2742900e-02   1.3334500e-02   1.2733100e-02   1.4322600e-02   1.3146100e-02   1.2253400e-02   1.3029300e-02   1.2572700e-02   1.2649700e-02   1.2817300e-02   1.3470600e-02   1.3455800e-02   1.4336000e-02   1.4272200e-02
   6.5588000e-02   3.7231600e-02   2.4164600e-02   2.1072300e-02   1.8372100e-02   1.7619300e-02   1.3477500e-02   1.4644300e-02   1.4137300e-02   1.5950800e-02   1.2738100e-02   1.1732000e-02   1.2539400e-02   1.2410400e-02   1.3228700e-02   1.2912700e-02   1.2075000e-02   1.2229900e-02   1.2789300e-02   1.3013500e-02   1.3250100e-02   1.3763800e-02   1.3762500e-02   1.4109700e-02   1.4407500e-02
   6.5053900e-02   3.5451200e-02   2.4275600e-02   2.2084800e-02   1.8525300e-02   1.5242200e-02   1.4279800e-02   1.7003300e-02   1.4957600e-02   1.2664100e-02   1.7380300e-02   1.2979000e-02   1.2037000e-02   1.2436300e-02   1.2899500e-02   1.2137500e-02   1.3278400e-02   1.2817400e-02   1.4123400e-02   1.2357000e-02   1.3205900e-02   1.2667800e-02   1.3881400e-02   1.4297800e-02   1.3947200e-02
   6.5973800e-02   3.6958300e-02   2.4651700e-02   2.1484800e-02   2.0026600e-02   1.7021600e-02   1.4380800e-02   1.3052200e-02   1.3459100e-02   1.4535300e-02   1.3032600e-02   1.3186800e-02   1.2324900e-02   1.1438900e-02   1.3498100e-02   1.2030800e-02   1.2201900e-02   1.2215000e-02   1.2383200e-02   1.2461300e-02   1.3941100e-02   1.3264200e-02   1.4029000e-02   1.3871800e-02   1.3403000e-02
   6.6139600e-02   3.7865500e-02   2.5120800e-02   2.4220200e-02   1.7497400e-02   1.7861100e-02   1.6947900e-02   1.3991400e-02   1.5041600e-02   1.4755100e-02   1.2548500e-02   1.2394400e-02   1.2587600e-02   1.2421000e-02   1.2297800e-02   1.2594600e-02   1.1865000e-02   1.2580900e-02   1.2917400e-02   1.3553400e-02   1.2950500e-02   1.3181400e-02   1.3424900e-02   1.4150400e-02   1.4550700e-02
   6.5923900e-02   3.7178600e-02   2.7726400e-02   2.1986100e-02   2.0797700e-02   1.7429900e-02   1.5099400e-02   1.3070500e-02   1.3839900e-02   1.2557600e-02   1.2096000e-02   1.6589100e-02   1.2058900e-02   1.2677200e-02   1.3592500e-02   1.2724800e-02   1.3065900e-02   1.2470600e-02   1.2492500e-02   1.3103000e-02   1.3249400e-02   1.3604500e-02   1.3915800e-02   1.4187200e-02   1.5050300e-02
   6.5826900e-02   3.6489500e-02   3.2798700e-02   2.0919100e-02   2.0302500e-02   1.6020900e-02   1.3786000e-02   1.5247700e-02   1.2477400e-02   1.3082300e-02   1.3426300e-02   1.2536300e-02   1.2086100e-02   1.1849900e-02   1.2003500e-02   1.1930400e-02   1.2610600e-02   1.2696100e-02   1.3247900e-02   1.2457500e-02   1.3065500e-02   1.2930600e-02   1.3279300e-02   1.5805600e-02   1.3812500e-02
   6.5453200e-02   3.8579300e-02   2.4427900e-02   2.1588300e-02   1.8636200e-02   1.6488400e-02   1.7377500e-02   1.2487100e-02   1.4498200e-02   1.4244900e-02   1.3401700e-02   1.3728400e-02   1.3274600e-02   1.2597100e-02   1.2558000e-02   1.2413500e-02   1.2397800e-02   1.2277400e-02   1.3262000e-02   1.2630600e-02   1.2685600e-02   1.2699400e-02   1.3079700e-02   1.3506300e-02   1.3771800e-02
   6.6204100e-02   3.6947900e-02   2.4021900e-02   2.0327400e-02   1.9525500e-02   1.4493400e-02   1.7410700e-02   1.4472000e-02   1.2127000e-02   1.3060200e-02   1.2122100e-02   1.2600900e-02   1.1859300e-02   1.3791800e-02   1.2700600e-02   1.2581900e-02   1.3134300e-02   1.2560200e-02   1.3240600e-02   1.3055200e-02   1.3218400e-02   1.3218500e-02   1.4337300e-02   1.3863200e-02   1.4237800e-02
   6.5925800e-02   3.6664200e-02   2.4891500e-02   2.1707400e-02   1.9336900e-02   1.4296800e-02   1.7754500e-02   1.4547900e-02   1.3328900e-02   1.3344500e-02   1.2907400e-02   1.2076500e-02   1.1451300e-02   1.2358300e-02   1.1963100e-02   1.2691500e-02   1.1718600e-02   1.2308700e-02   1.2610100e-02   1.2567300e-02   1.3833900e-02   1.3330300e-02   1.3415800e-02   1.4093700e-02   1.4866000e-02
   6.7237000e-02   3.6526200e-02   2.4929100e-02   2.0980000e-02   1.8955300e-02   1.8767400e-02   1.4725100e-02   1.3537900e-02   1.2932200e-02   1.2936000e-02   1.1886300e-02   1.3331900e-02   1.1721900e-02   1.2720500e-02   1.3195600e-02   1.2756500e-02   1.1752900e-02   1.3219000e-02   1.2767000e-02   1.2690900e-02   1.3183800e-02   1.3779000e-02   1.3462000e-02   1.4413000e-02   1.3824900e-02
   6.5724800e-02   3.7905200e-02   2.4638100e-02   2.1345900e-02   2.0811400e-02   1.7029700e-02   1.6468600e-02   1.3833800e-02   1.3739600e-02   1.2426700e-02   1.2608300e-02   1.2672500e-02   1.2465000e-02   1.2733200e-02   1.1907400e-02   1.2570800e-02   1.1738500e-02   1.2417200e-02   1.2841200e-02   1.3114800e-02   1.3921200e-02   1.3633900e-02   1.3594100e-02   1.3677600e-02   1.3965900e-02
   6.6076600e-02   3.7389100e-02   2.5502300e-02   3.2983700e-02   1.9606100e-02   1.7538700e-02   1.6462500e-02   1.3480100e-02   1.4063400e-02   1.2205400e-02   1.2440700e-02   1.2166400e-02   1.1596000e-02   1.2868500e-02   1.2636800e-02   1.1979300e-02   1.2151700e-02   1.3190400e-02   1.2138400e-02   1.2741400e-02   1.2522400e-02   1.2328700e-02   1.2873500e-02   1.3446500e-02   1.4449000e-02
   6.7011100e-02   3.6486600e-02   2.4509700e-02   2.3376200e-02   1.8511400e-02   1.6352400e-02   1.4402000e-02   1.4390400e-02   1.3860100e-02   1.2165600e-02   1.4887600e-02   1.2319600e-02   1.2046700e-02   1.2369900e-02   1.1983800e-02   1.2357100e-02   1.2184000e-02   1.2610600e-02   1.2555700e-02   1.3564200e-02   1.3566200e-02   1.3689500e-02   1.3497400e-02   1.4163600e-02   1.4524500e-02
   6.6466100e-02   3.7339400e-02   3.3815300e-02   2.1288200e-02   1.7899200e-02   1.7645600e-02   1.8938500e-02   1.3182400e-02   1.3695200e-02   1.3320700e-02   1.2192500e-02   1.3197700e-02   1.2018000e-02   1.2167800e-02   1.2438800e-02   1.2005900e-02   1.2674800e-02   1.2727800e-02   1.3314400e-02   1.2431400e-02   1.2800500e-02   1.4284300e-02   1.2763400e-02   1.4517300e-02   1.4718400e-02
   6.7173100e-02   3.7950700e-02   3.3405300e-02   2.0338100e-02   2.2781400e-02   1.6814500e-02   1.4408400e-02   1.2787700e-02   1.3459900e-02   1.2141000e-02   1.2944400e-02   1.2225100e-02   1.2088000e-02   1.3497400e-02   1.3327100e-02   1.2603500e-02   1.2799100e-02   1.2707200e-02   1.3113700e-02   1.2485000e-02   1.4471600e-02   1.3509500e-02   1.4491900e-02   1.4028600e-02   1.4621900e-02
   6.6713600e-02   3.7281200e-02   2.8266400e-02   2.2084100e-02   1.8851000e-02   1.8051800e-02   1.7955600e-02   1.4831700e-02   1.2790900e-02   1.2080400e-02   1.3437300e-02   1.2246600e-02   1.2196300e-02   1.1524600e-02   1.2714800e-02   1.2330600e-02   1.4136600e-02   1.3138500e-02   1.6057900e-02   1.2990900e-02   1.2916100e-02   1.3959500e-02   1.3979200e-02   1.3572100e-02   1.4411400e-02
   6.7136000e-02   3.6968300e-02   2.5664700e-02   2.2419400e-02   2.1362700e-02   1.7188200e-02   1.7033600e-02   1.3863800e-02   1.3468000e-02   1.3313100e-02   1.2120400e-02   1.3354500e-02   1.2431300e-02   1.1942700e-02   1.3687900e-02   1.1967600e-02   1.2507400e-02   1.2812900e-02   1.2822400e-02   1.2298500e-02   1.3418300e-02   1.3704400e-02   1.3802000e-02   1.4216700e-02   1.3966900e-02
   6.5769800e-02   3.7498600e-02   2.4303300e-02   2.0380300e-02   1.9936200e-02   1.7839000e-02   1.6519800e-02   1.5055800e-02   1.6028600e-02   1.2121100e-02   1.3215300e-02   1.2520300e-02   1.1674700e-02   1.3149000e-02   1.2101100e-02   1.2615600e-02   1.2981600e-02   1.2951600e-02   1.3668200e-02   1.3456200e-02   1.3582100e-02   1.3104700e-02   1.3283000e-02   1.3235900e-02   1.3951100e-02
   6.7281600e-02   3.8598200e-02   2.5072500e-02   2.1503100e-02   1.8944500e-02   1.4910300e-02   1.5326100e-02   1.3559600e-02   1.3319800e-02   1.4171000e-02   1.2610800e-02   1.3478000e-02   1.2203100e-02   1.3054500e-02   1.2705500e-02   1.2432800e-02   1.2248700e-02   1.2246000e-02   1.2949000e-02   1.3308200e-02   1.3053900e-02   1.3925400e-02   1.3527400e-02   1.4139600e-02   1.4187800e-02
   6.9725800e-02   3.8313700e-02   2.4893600e-02   2.2472900e-02   1.8199800e-02   2.4636500e-02   1.3246800e-02   1.6057200e-02   1.2941700e-02   1.2621800e-02   1.3504600e-02   1.3254100e-02   1.1771200e-02   1.2325100e-02   1.1965500e-02   1.2666100e-02   1.3569300e-02   1.2276800e-02   1.3389200e-02   1.3461400e-02   1.3345400e-02   1.3518500e-02   1.3256900e-02   1.3492500e-02   1.3783800e-02
   6.7273600e-02   3.8938700e-02   2.4878600e-02   2.2614000e-02   1.9097100e-02   1.6334500e-02   1.6955800e-02   1.3792400e-02   1.3282900e-02   1.3111900e-02   1.1803300e-02   1.2570900e-02   1.2953200e-02   1.2439200e-02   1.3461800e-02   1.2282800e-02   1.2796400e-02   1.2739100e-02   1.2740000e-02   1.3121400e-02   1.4001700e-02   1.5247200e-02   1.3428900e-02   1.3268700e-02   1.4682500e-02
   6.5277700e-02   3.7482900e-02   2.4250000e-02   2.0998800e-02   1.9147600e-02   1.7500200e-02   1.6882200e-02   1.3140300e-02   1.3797600e-02   1.3836300e-02   1.2519100e-02   1.2821400e-02   1.2205100e-02   1.2009400e-02   1.2161000e-02   1.1920200e-02   1.1969100e-02   1.2329900e-02   1.2399400e-02   1.2684600e-02   1.3561300e-02   1.3681300e-02   1.4178900e-02   1.3563900e-02   1.3977700e-02
   6.6175100e-02   3.7281700e-02   3.7801900e-02   2.0946800e-02   1.8755700e-02   1.6744500e-02   1.6614300e-02   1.7187400e-02   1.3119400e-02   1.2331600e-02   1.2016500e-02   1.6508400e-02   1.2511500e-02   1.2014300e-02   1.2961800e-02   1.3445100e-02   1.3371600e-02   1.2730800e-02   1.3549200e-02   1.2428200e-02   1.4290800e-02   1.3745900e-02   1.3598000e-02   1.3946400e-02   1.4714500e-02
   6.6624600e-02   3.7589100e-02   2.4403800e-02   2.0690100e-02   1.7079400e-02   1.8117000e-02   1.4234800e-02   1.2662800e-02   1.3122900e-02   1.3327300e-02   1.2717200e-02   1.1776600e-02   1.2075700e-02   1.2391100e-02   1.2367300e-02   1.2579600e-02   1.2799400e-02   1.2958700e-02   1.2547700e-02   1.2763600e-02   1.2802400e-02   1.3598800e-02   1.3316400e-02   1.3215200e-02   1.3893000e-02
   6.5001600e-02   3.6009300e-02   2.3869900e-02   2.0533700e-02   2.1435000e-02   1.7648200e-02   1.7701900e-02   1.6704000e-02   1.2673600e-02   1.5398300e-02   1.3714000e-02   1.2768900e-02   1.2321300e-02   1.2606900e-02   1.8175600e-02   1.2581100e-02   1.1900300e-02   1.2273200e-02   1.3122600e-02   1.3519300e-02   1.2427800e-02   1.3348600e-02   1.4727800e-02   1.4157100e-02   1.5022600e-02
   6.6030300e-02   3.8874400e-02   2.4290500e-02   2.0801300e-02   1.7922100e-02   1.7166900e-02   1.6065000e-02   1.2869900e-02   1.2384800e-02   1.2609900e-02   1.3260800e-02   1.1852300e-02   1.2936700e-02   1.2761200e-02   1.2889700e-02   1.2983000e-02   1.2335700e-02   1.2676700e-02   1.2933000e-02   1.2812300e-02   1.3547100e-02   1.3000600e-02   1.3424900e-02   1.3451600e-02   1.4089400e-02
   6.6720600e-02   3.6252800e-02   2.9295000e-02   2.2080000e-02   1.8503500e-02   1.8051300e-02   1.5317800e-02   1.2975200e-02   1.2413000e-02   1.3076200e-02   1.3003100e-02   1.1493500e-02   1.1425300e-02   1.2204500e-02   1.2167300e-02   1.3760600e-02   1.3650200e-02   1.1979600e-02   1.2585500e-02   1.2773800e-02   1.2928000e-02   1.3451100e-02   1.3691500e-02   1.3902900e-02   1.4678900e-02
   6.5914400e-02   3.6420800e-02   2.4693700e-02   2.1619500e-02   2.3786300e-02   1.7742900e-02   1.6611900e-02   1.3984500e-02   1.3689000e-02   1.4227000e-02   1.2911500e-02   1.3140800e-02   1.4041500e-02   1.2084500e-02   1.3787000e-02   1.2533400e-02   1.5376100e-02   1.3480500e-02   1.3008300e-02   1.3836200e-02   1.3996000e-02   1.3536300e-02   1.3881000e-02   1.4706200e-02   1.4569500e-02
   7.0401900e-02   3.6773000e-02   2.3952300e-02   2.0621700e-02   1.8920200e-02   1.7021700e-02   1.4614900e-02   1.5912000e-02   1.4183000e-02   1.3466500e-02   1.3657200e-02   1.3668700e-02   1.2803100e-02   1.3613200e-02   1.2584500e-02   1.2731200e-02   1.2955500e-02   1.2774600e-02   1.2578700e-02   1.2653600e-02   1.4305400e-02   1.4107900e-02   1.4421200e-02   1.4661000e-02   1.5511300e-02
   6.5984800e-02   3.7488000e-02   3.3928500e-02   2.1222900e-02   1.7543100e-02   1.6321600e-02   1.4562700e-02   1.5534600e-02   1.2740500e-02   1.3066300e-02   1.2218200e-02   1.2880400e-02   1.2284800e-02   1.2047300e-02   1.2586300e-02   1.2526300e-02   1.4112500e-02   1.2632700e-02   1.2323600e-02   1.3208700e-02   1.2608500e-02   1.3288200e-02   1.3717200e-02   1.3546300e-02   1.3385000e-02
   6.6844600e-02   3.7858900e-02   2.9228700e-02   2.2006600e-02   1.8290300e-02   1.7889100e-02   1.3982500e-02   1.3669400e-02   1.3208400e-02   1.2096600e-02   1.2892300e-02   1.2259300e-02   1.1832700e-02   1.1425700e-02   1.2222400e-02   1.2348700e-02   1.2013800e-02   1.2166300e-02   1.2828500e-02   1.3210600e-02   1.3212300e-02   1.3294800e-02   1.3158200e-02   1.3901700e-02   1.4149900e-02
   6.5014300e-02   3.7643400e-02   3.0510300e-02   2.1822400e-02   2.1698500e-02   2.3670600e-02   1.4135000e-02   1.4470500e-02   1.4034100e-02   1.3582200e-02   1.2327100e-02   1.2992500e-02   1.1995000e-02   1.2736300e-02   1.2199100e-02   1.2629800e-02   1.2589400e-02   1.3143100e-02   1.2991200e-02   1.3109000e-02   1.3792900e-02   1.3375300e-02   1.4239700e-02   1.4386100e-02   1.4293600e-02
   6.6335200e-02   3.6562100e-02   3.2696600e-02   2.2216000e-02   1.8020200e-02   1.7790500e-02   1.5969300e-02   1.3730800e-02   1.4147700e-02   1.8931900e-02   1.2234500e-02   1.2023100e-02   1.6953100e-02   1.2614100e-02   1.2640700e-02   1.2303400e-02   1.2409300e-02   1.2591400e-02   1.3165300e-02   1.4983400e-02   1.3340100e-02   1.3705000e-02   1.3403600e-02   1.3732300e-02   1.4798500e-02
   6.6474400e-02   3.7113300e-02   2.4883100e-02   2.6958700e-02   1.8372500e-02   1.4655400e-02   1.4630600e-02   1.4927300e-02   1.4041400e-02   1.2726700e-02   1.2477400e-02   1.2352600e-02   1.3544600e-02   1.2240300e-02   1.3307300e-02   1.2512900e-02   1.2679900e-02   1.2638800e-02   1.2468800e-02   1.4136600e-02   1.3555700e-02   1.3918500e-02   1.3555900e-02   1.4309500e-02   1.4087300e-02
   6.6182700e-02   3.6567600e-02   2.4412100e-02   2.1769700e-02   1.7735900e-02   1.8080700e-02   1.3885300e-02   1.3128300e-02   1.5067500e-02   1.3100500e-02   1.2488800e-02   1.2959800e-02   1.2792400e-02   1.2585800e-02   1.2540000e-02   1.3102200e-02   1.1834300e-02   1.3097600e-02   1.2716100e-02   1.3149700e-02   1.3793400e-02   1.3152100e-02   1.3507400e-02   1.5092900e-02   1.4517800e-02
   6.6889500e-02   3.7418600e-02   2.4857600e-02   2.8350300e-02   1.8278100e-02   1.4565700e-02   1.5723100e-02   1.3613800e-02   1.4927000e-02   1.6092400e-02   1.2561700e-02   1.2250200e-02   1.3261800e-02   1.1637400e-02   1.2332800e-02   1.1843600e-02   1.4165000e-02   1.3377000e-02   1.3145700e-02   1.3157200e-02   1.2715700e-02   1.4135100e-02   1.3379100e-02   1.4376800e-02   1.4543700e-02
   6.7684600e-02   3.7779200e-02   2.5537100e-02   2.1150700e-02   1.8265500e-02   1.7423800e-02   1.6098100e-02   1.6873700e-02   1.2506200e-02   1.2456500e-02   1.2362300e-02   1.2204100e-02   1.3160500e-02   1.2043100e-02   1.2281800e-02   1.2383800e-02   1.2565100e-02   1.2373700e-02   1.3362200e-02   1.2901100e-02   1.2718100e-02   1.2592400e-02   1.3454800e-02   1.4776400e-02   1.5506000e-02
   6.6548800e-02   3.6634000e-02   2.4115400e-02   2.0110000e-02   1.7435700e-02   1.7696800e-02   1.5500500e-02   1.4615700e-02   1.3362700e-02   1.2472400e-02   1.2036100e-02   1.2287100e-02   1.2234600e-02   1.1968000e-02   1.5002400e-02   1.1798000e-02   1.7848800e-02   1.2577600e-02   1.2284400e-02   1.3064200e-02   1.2888900e-02   1.2997100e-02   1.3318500e-02   1.3257400e-02   1.3524000e-02
   6.5824700e-02   3.6279400e-02   2.5134500e-02   2.1345100e-02   2.1764800e-02   1.9585500e-02   1.5145600e-02   1.7460600e-02   1.3597100e-02   1.2792200e-02   1.1982500e-02   1.6673500e-02   1.2072400e-02   1.2730000e-02   1.3273100e-02   1.2554800e-02   1.1875500e-02   1.2958900e-02   1.2877600e-02   1.2924900e-02   1.2925500e-02   1.5533300e-02   1.3563800e-02   1.3648600e-02   1.4076600e-02
   7.0025900e-02   3.6465300e-02   2.4586600e-02   2.1203100e-02   1.9658200e-02   1.5100100e-02   1.3557200e-02   1.2540000e-02   1.3630000e-02   1.2483000e-02   1.2181600e-02   1.2197100e-02   1.2436500e-02   1.1725700e-02   1.2623500e-02   1.1985000e-02   1.5814400e-02   1.2329000e-02   1.2664700e-02   1.3499500e-02   1.3388000e-02   1.3448100e-02   1.4036300e-02   1.3943900e-02   1.3760200e-02
   6.6686600e-02   3.5649700e-02   2.4328300e-02   2.0772100e-02   1.7743300e-02   1.7976500e-02   1.3382200e-02   1.3608200e-02   1.2790500e-02   1.2924100e-02   1.3039400e-02   1.3185100e-02   1.2400900e-02   1.2264200e-02   1.2013900e-02   1.1757600e-02   1.3196700e-02   1.2177300e-02   1.2912300e-02   1.3453900e-02   1.3863800e-02   1.2680900e-02   1.3361700e-02   1.4059200e-02   1.4040400e-02
   6.7875900e-02   3.7036800e-02   2.5468000e-02   2.4312600e-02   1.9319900e-02   1.7084200e-02   1.4067100e-02   1.4207700e-02   1.5259500e-02   1.3625100e-02   1.2603800e-02   1.2294800e-02   1.2632700e-02   1.4833900e-02   1.3020500e-02   1.2999900e-02   1.2304700e-02   1.2786400e-02   1.2560800e-02   1.3030700e-02   1.3839800e-02   1.3944900e-02   1.3387600e-02   1.3703000e-02   1.3901700e-02
   6.6624900e-02   3.6864600e-02   2.4773700e-02   2.0610600e-02   1.8629500e-02   1.5780700e-02   1.4020800e-02   1.7098600e-02   1.2316900e-02   1.4059200e-02   1.1713900e-02   1.1853400e-02   1.2331200e-02   1.2028500e-02   1.1883400e-02   1.2544300e-02   1.2471700e-02   1.2668200e-02   1.2284600e-02   1.2566400e-02   1.3107000e-02   1.5006300e-02   1.3646900e-02   1.3841900e-02   1.4389500e-02
   6.6647900e-02   3.7305300e-02   2.4205500e-02   2.1608000e-02   1.8815600e-02   1.4744200e-02   1.5504900e-02   1.4023100e-02   1.7789500e-02   1.3752600e-02   1.3536900e-02   1.3196000e-02   1.2063700e-02   1.3069400e-02   1.4735200e-02   1.2048100e-02   1.2801400e-02   1.2960300e-02   1.2717000e-02   1.2766800e-02   1.3162400e-02   1.3287800e-02   1.4973800e-02   1.5319800e-02   1.4591300e-02
   6.6390400e-02   3.6133500e-02   3.4527300e-02   2.0930200e-02   1.8379600e-02   1.6917400e-02   1.6983100e-02   1.5204900e-02   1.4024800e-02   1.5327200e-02   1.2438600e-02   1.2009200e-02   1.2336700e-02   1.1775200e-02   1.3430200e-02   1.3301500e-02   1.3495500e-02   1.2594400e-02   1.2455400e-02   1.2544100e-02   1.4149900e-02   1.3611200e-02   1.3595400e-02   1.3285300e-02   1.4154300e-02
   6.6998200e-02   3.6366400e-02   2.5634100e-02   2.3162800e-02   2.0193100e-02   1.9232700e-02   1.4004100e-02   1.3193600e-02   1.5345100e-02   1.2873300e-02   1.5447400e-02   1.2596600e-02   1.2448700e-02   1.2446100e-02   1.3049200e-02   1.2666000e-02   1.2750700e-02   1.2913000e-02   1.2510800e-02   1.3354400e-02   1.2970400e-02   1.3125100e-02   1.3490800e-02   1.4014700e-02   1.4009200e-02
   6.8440600e-02   3.7008200e-02   3.3075800e-02   2.3411100e-02   1.8521900e-02   2.1288100e-02   1.7644000e-02   1.5843400e-02   1.6711800e-02   1.2810700e-02   1.2121100e-02   1.2506600e-02   1.2788100e-02   1.2768600e-02   1.3406800e-02   1.2787400e-02   1.1617100e-02   1.3758600e-02   1.2394200e-02   1.3065300e-02   1.3704100e-02   1.4578100e-02   1.4117700e-02   1.3933800e-02   1.4341200e-02
   6.7112000e-02   3.7596800e-02   3.4950900e-02   2.3081200e-02   1.9900000e-02   1.4806700e-02   1.4041700e-02   1.7911000e-02   1.3124400e-02   1.2951300e-02   1.4240800e-02   1.2181700e-02   1.1726800e-02   1.2196400e-02   1.2160900e-02   1.2381900e-02   1.3435700e-02   1.3029800e-02   1.3091600e-02   1.4603200e-02   1.2845100e-02   1.3481000e-02   1.3598900e-02   1.3353500e-02   1.4456200e-02
   6.8554200e-02   3.8313200e-02   2.4953700e-02   2.1490000e-02   2.1227600e-02   1.7291100e-02   1.7614300e-02   1.3785900e-02   1.5448800e-02   1.7145000e-02   1.2824900e-02   1.2520100e-02   1.4216500e-02   1.2190100e-02   1.2580200e-02   1.2403300e-02   1.2371900e-02   1.3132700e-02   1.2883600e-02   1.2449300e-02   1.3076000e-02   1.3913200e-02   1.4069700e-02   1.3767900e-02   1.4201300e-02
   6.6578000e-02   3.7982200e-02   2.5335100e-02   2.1683800e-02   1.8479300e-02   1.7207600e-02   1.4169600e-02   1.4424000e-02   1.3439800e-02   1.2386300e-02   1.2041300e-02   1.2334000e-02   1.2244700e-02   1.2417600e-02   1.1790300e-02   1.2939200e-02   1.2742900e-02   1.2678700e-02   1.2635400e-02   1.3040400e-02   1.3213400e-02   1.3490500e-02   1.3537000e-02   1.4641400e-02   1.4311500e-02
   6.6720400e-02   3.8278600e-02   2.3994700e-02   2.1283500e-02   1.7936900e-02   1.4611700e-02   1.7526300e-02   1.4149900e-02   1.3367600e-02   1.2212200e-02   1.2168400e-02   1.3484400e-02   1.2221500e-02   1.2397800e-02   1.4129000e-02   1.2684900e-02   1.2663900e-02   1.2813400e-02   1.3458600e-02   1.3286500e-02   1.2603600e-02   1.3824300e-02   1.3386100e-02   1.3756200e-02   1.3819200e-02
   6.6864000e-02   3.7717900e-02   2.5042100e-02   2.2109400e-02   1.8087100e-02   1.7065700e-02   1.6289000e-02   1.8245400e-02   1.2742900e-02   1.3069000e-02   1.2339500e-02   1.2237100e-02   1.2421500e-02   1.3111700e-02   1.2798100e-02   1.2988500e-02   1.3080000e-02   1.3155800e-02   1.2852500e-02   1.2727900e-02   1.3812200e-02   1.4123600e-02   1.4433800e-02   1.3972200e-02   1.4480600e-02
   6.7120400e-02   3.6965100e-02   2.4648300e-02   3.1814400e-02   1.7339100e-02   2.0048800e-02   1.7677800e-02   1.4305700e-02   1.7528300e-02   1.3396800e-02   1.3090700e-02   1.2460300e-02   1.2234000e-02   1.2151000e-02   1.3976300e-02   1.3265000e-02   1.2509500e-02   1.3128800e-02   1.3131200e-02   1.2816800e-02   1.5028000e-02   1.3192800e-02   1.3647600e-02   1.4074300e-02   1.4530400e-02
   6.6862600e-02   3.8465800e-02   3.3140600e-02   2.0342700e-02   2.1688100e-02   1.8282400e-02   1.6913200e-02   1.4334000e-02   1.3464500e-02   1.2367400e-02   1.2360900e-02   1.4478600e-02   1.1770900e-02   1.2474800e-02   1.2151800e-02   1.2272000e-02   1.2114300e-02   1.2350500e-02   1.3526800e-02   1.3051400e-02   1.3915200e-02   1.3547600e-02   1.4092300e-02   1.3976300e-02   1.4194100e-02
   6.6950100e-02   3.7518000e-02   2.5305300e-02   2.1171200e-02   2.1969200e-02   1.5344600e-02   1.6922500e-02   1.2685100e-02   1.2998400e-02   1.2535600e-02   1.3374100e-02   1.4595200e-02   1.3371200e-02   1.2587600e-02   1.2853100e-02   1.2317200e-02   1.3978200e-02   1.2313800e-02   1.2996600e-02   1.2969600e-02   1.3576900e-02   1.4327200e-02   1.3847900e-02   1.4177100e-02   1.4063400e-02
   6.6691200e-02   3.7941500e-02   2.3869000e-02   1.9951200e-02   1.8084100e-02   1.8872900e-02   1.5768300e-02   1.3449200e-02   1.2700900e-02   1.2610000e-02   1.2462500e-02   1.1802200e-02   1.2068800e-02   1.3062600e-02   1.1713700e-02   1.3500300e-02   1.2641300e-02   1.2749800e-02   1.2989300e-02   1.2815600e-02   1.3606600e-02   1.3328200e-02   1.3869500e-02   1.3731500e-02   1.5153500e-02
   6.7100300e-02   3.7183500e-02   2.5003700e-02   2.1075700e-02   1.9096700e-02   1.7175500e-02   1.5039600e-02   1.2893100e-02   1.4053400e-02   1.1930000e-02   1.2222300e-02   1.2005400e-02   1.2174900e-02   1.2831900e-02   1.2983900e-02   1.2579600e-02   1.3071100e-02   1.2404400e-02   1.2565000e-02   1.2639100e-02   1.2876400e-02   1.3344000e-02   1.3238500e-02   1.3795000e-02   1.5643500e-02
   6.7694200e-02   3.7917200e-02   2.7364800e-02   2.1009600e-02   1.7981200e-02   1.6416000e-02   1.4151600e-02   1.6512500e-02   1.3323000e-02   1.3201700e-02   1.2584900e-02   1.2425000e-02   1.2520600e-02   1.2419100e-02   1.2503700e-02   1.2723900e-02   1.1609000e-02   1.2383500e-02   1.2641700e-02   1.5272700e-02   1.3545300e-02   1.3042200e-02   1.3609600e-02   1.3646000e-02   1.4522200e-02
   6.6865500e-02   3.8513500e-02   2.4718400e-02   2.1455100e-02   1.9490000e-02   1.8465100e-02   1.9209500e-02   1.6895900e-02   1.3840400e-02   1.2359800e-02   1.2795900e-02   1.3003600e-02   1.2546300e-02   1.2492800e-02   1.2559700e-02   1.2567900e-02   1.2292300e-02   1.3497000e-02   1.3295000e-02   1.3509900e-02   1.3394600e-02   1.2818400e-02   1.4195700e-02   1.4295500e-02   1.4300700e-02
   6.6303800e-02   3.7290800e-02   2.5299100e-02   2.2423700e-02   2.1949500e-02   1.8410600e-02   1.9076600e-02   1.5071800e-02   1.3356300e-02   1.2619600e-02   1.2938400e-02   1.2262600e-02   1.1487200e-02   1.2101700e-02   1.1602200e-02   1.2187700e-02   1.2425600e-02   1.3475000e-02   1.2940400e-02   1.4487100e-02   1.2761200e-02   1.3655600e-02   1.3407600e-02   1.3663600e-02   1.4575100e-02
   7.6766800e-02   3.8265500e-02   2.7883900e-02   2.0747200e-02   1.7908800e-02   1.7548900e-02   1.6371700e-02   1.5222000e-02   1.3088600e-02   1.3433300e-02   1.3500400e-02   1.2493400e-02   1.2625400e-02   1.1915800e-02   1.3368900e-02   1.2227400e-02   1.2072700e-02   1.3019600e-02   1.3767200e-02   1.3142100e-02   1.2743500e-02   1.3832400e-02   1.3605800e-02   1.4817000e-02   1.5025100e-02
   6.6210200e-02   3.6528700e-02   2.5300700e-02   2.2055800e-02   1.6338100e-02   1.8214100e-02   1.4316600e-02   1.4142400e-02   1.2781800e-02   1.1929700e-02   1.2777900e-02   1.2534800e-02   1.2355600e-02   1.3963900e-02   1.1835800e-02   1.2630200e-02   1.2036100e-02   1.3126200e-02   1.2915800e-02   1.3193200e-02   1.2836400e-02   1.3910100e-02   1.3588600e-02   1.4314000e-02   1.4201600e-02
   6.7952500e-02   3.7929500e-02   2.8263000e-02   2.2717800e-02   1.8579700e-02   1.7680000e-02   1.4129500e-02   1.3294600e-02   1.2477500e-02   1.3291900e-02   1.2306500e-02   1.1799400e-02   1.6834200e-02   1.1922600e-02   1.3041000e-02   1.2264300e-02   1.3068600e-02   1.2577700e-02   1.2636500e-02   1.3908200e-02   1.3255400e-02   1.3537800e-02   1.4354500e-02   1.4606200e-02   1.4542900e-02
   6.7035900e-02   3.5904600e-02   2.7458100e-02   2.0928100e-02   1.9944800e-02   1.6088300e-02   1.7861900e-02   1.4891300e-02   1.5536200e-02   1.2566900e-02   1.3344200e-02   1.3472900e-02   1.3114900e-02   1.3182800e-02   1.2915900e-02   1.2537000e-02   1.2894800e-02   1.2654400e-02   1.3365900e-02   1.3662500e-02   1.4259600e-02   1.3087400e-02   1.3651300e-02   1.3897300e-02   1.4036400e-02
   6.6984000e-02   3.6869200e-02   2.4347000e-02   2.3255000e-02   1.8677400e-02   1.7813700e-02   1.4368700e-02   1.4243200e-02   1.3808600e-02   1.3981300e-02   1.2446800e-02   1.3168100e-02   1.3907300e-02   1.2590600e-02   1.2142900e-02   1.2070000e-02   1.2641600e-02   1.2805900e-02   1.2844200e-02   1.2899900e-02   1.3355300e-02   1.3734700e-02   1.3020700e-02   1.4197500e-02   1.3532100e-02
   6.6742200e-02   3.7241100e-02   2.4678900e-02   2.3395900e-02   1.9092200e-02   1.5623900e-02   1.4591100e-02   1.3974700e-02   1.3375300e-02   1.3619400e-02   1.3729100e-02   1.1798800e-02   1.1885200e-02   1.1929200e-02   1.1599800e-02   1.2170800e-02   1.2769100e-02   1.2891400e-02   1.2528200e-02   1.2584800e-02   1.3030800e-02   1.4450100e-02   1.3488900e-02   1.3896400e-02   1.4417500e-02
   6.8169700e-02   3.9945200e-02   2.5189800e-02   2.1309900e-02   1.9362600e-02   1.8414000e-02   1.9892600e-02   1.7838100e-02   1.6318300e-02   1.3209300e-02   1.3661700e-02   1.3546900e-02   1.3504700e-02   1.2542300e-02   1.2750300e-02   1.2378500e-02   1.2548200e-02   1.2522700e-02   1.2910400e-02   1.3738800e-02   1.3775600e-02   1.3227000e-02   1.3350400e-02   1.3660100e-02   1.4324100e-02
   6.6850500e-02   3.7420700e-02   2.4590300e-02   2.1575500e-02   1.9689900e-02   1.8214500e-02   1.7900600e-02   1.3496500e-02   1.3631100e-02   1.3365200e-02   1.3820600e-02   1.2262900e-02   1.3169800e-02   1.2705500e-02   1.2645300e-02   1.2554000e-02   1.2060300e-02   1.2295100e-02   1.2765700e-02   1.2503300e-02   1.3284300e-02   1.3329700e-02   1.3463100e-02   1.3800600e-02   1.4019900e-02
   6.4907300e-02   3.6263100e-02   2.8440000e-02   2.1613900e-02   1.7207800e-02   1.7616300e-02   1.4775700e-02   1.3816900e-02   1.2961000e-02   1.2976300e-02   1.2640700e-02   1.5118000e-02   1.4343100e-02   1.3200700e-02   1.2388200e-02   1.2517500e-02   1.2629200e-02   1.3453500e-02   1.2089300e-02   1.2941000e-02   1.3544800e-02   1.4182900e-02   1.3833700e-02   1.4114500e-02   1.4111100e-02
   6.8065700e-02   3.7770800e-02   3.3887700e-02   2.2726400e-02   1.7462100e-02   1.7549200e-02   1.5056300e-02   1.3565300e-02   1.6881800e-02   1.3774300e-02   1.3153600e-02   1.1972600e-02   1.2147000e-02   1.2521400e-02   1.2272300e-02   1.4751500e-02   1.1929900e-02   1.2921000e-02   1.3163600e-02   1.2803200e-02   1.3114900e-02   1.3103700e-02   1.3790100e-02   1.3511000e-02   1.3712900e-02
   6.7582100e-02   3.8384500e-02   3.4582200e-02   2.1025100e-02   1.7960500e-02   1.7351800e-02   1.5186800e-02   1.5371200e-02   1.4810900e-02   1.3278000e-02   1.2412600e-02   1.4163900e-02   1.1913300e-02   1.2143300e-02   1.3916800e-02   1.2577000e-02   1.3138700e-02   1.2850100e-02   1.4570300e-02   1.3133700e-02   1.2622800e-02   1.2864100e-02   1.3527600e-02   1.3859900e-02   1.4098600e-02
   6.7053700e-02   3.7770500e-02   2.5163700e-02   2.2505600e-02   2.0406100e-02   1.8230900e-02   1.6515400e-02   1.3851000e-02   1.5836800e-02   1.3926400e-02   1.3792600e-02   1.2533400e-02   1.3321600e-02   1.1979900e-02   1.2537100e-02   1.4614700e-02   1.2486200e-02   1.5165900e-02   1.2886400e-02   1.2655400e-02   1.3293100e-02   1.3341600e-02   1.3711400e-02   1.4795900e-02   1.4760600e-02
   6.7679700e-02   3.8628000e-02   2.5223900e-02   2.1897300e-02   1.9127600e-02   1.9046500e-02   1.4706800e-02   1.3977600e-02   1.7300000e-02   1.3035900e-02   1.2979400e-02   1.3145000e-02   1.2635700e-02   1.1507500e-02   1.3056900e-02   1.3452400e-02   1.3281800e-02   1.3885600e-02   1.2793300e-02   1.3071000e-02   1.4184900e-02   1.3082500e-02   1.3813400e-02   1.3907000e-02   1.4763300e-02
   6.8372900e-02   3.7501500e-02   3.3253900e-02   2.2313600e-02   2.1072500e-02   1.6701700e-02   1.6861400e-02   1.4363300e-02   1.8450600e-02   1.3160300e-02   1.2104600e-02   1.2002600e-02   1.2251900e-02   1.2180300e-02   1.2153800e-02   1.2374900e-02   1.1759300e-02   1.2526900e-02   1.2788900e-02   1.3120200e-02   1.3008100e-02   1.3219800e-02   1.3814000e-02   1.4213000e-02   1.4100900e-02
   6.6839500e-02   3.7531600e-02   2.5055900e-02   2.4433400e-02   2.0031500e-02   1.5577400e-02   1.8073500e-02   1.3583900e-02   1.3990100e-02   1.2787000e-02   1.4237100e-02   1.2863600e-02   1.2215000e-02   1.2564600e-02   1.2474600e-02   1.2764100e-02   1.2193700e-02   1.1833000e-02   1.2963700e-02   1.2460300e-02   1.3141100e-02   1.2925800e-02   1.4263500e-02   1.3719200e-02   1.3817100e-02
   6.7666400e-02   3.8124800e-02   2.5329200e-02   2.1933100e-02   2.2553600e-02   1.8786500e-02   1.7997400e-02   1.3753400e-02   1.2715500e-02   1.2932400e-02   1.2982900e-02   1.2360800e-02   1.2771000e-02   1.3340700e-02   1.3157900e-02   1.3251500e-02   1.2863600e-02   1.3117800e-02   1.3471700e-02   1.3280600e-02   1.4231100e-02   1.3267200e-02   1.3578300e-02   1.3760800e-02   1.3960700e-02
   6.6717000e-02   3.7937200e-02   2.5142200e-02   2.1075200e-02   2.1060200e-02   1.8427300e-02   1.7719100e-02   1.4186800e-02   1.2940200e-02   1.2030200e-02   1.3664600e-02   1.4882000e-02   1.3249500e-02   1.2692200e-02   1.3263100e-02   1.5455900e-02   1.3388200e-02   1.3669300e-02   1.2580200e-02   1.3412100e-02   1.4549600e-02   1.5035100e-02   1.4095000e-02   1.3515800e-02   1.4140600e-02
   6.7333600e-02   3.7922100e-02   3.4442500e-02   3.1747500e-02   2.0247200e-02   1.7673400e-02   1.5341800e-02   1.8473500e-02   1.4191200e-02   1.2930200e-02   1.3714300e-02   1.1922900e-02   1.2837400e-02   1.2787400e-02   1.2803400e-02   1.2588400e-02   1.2926200e-02   1.2791800e-02   1.3206000e-02   1.3093800e-02   1.3817900e-02   1.3140200e-02   1.3826200e-02   1.3883900e-02   1.5192400e-02
   6.6822800e-02   3.8059500e-02   2.4621600e-02   2.0597400e-02   1.9058200e-02   1.4707100e-02   1.4472200e-02   1.3750200e-02   1.6606300e-02   1.4088700e-02   1.2661400e-02   1.2341900e-02   1.2794700e-02   1.2963400e-02   1.2372400e-02   1.2442200e-02   1.2582100e-02   1.3052100e-02   1.3002800e-02   1.2796600e-02   1.3542900e-02   1.3741700e-02   1.4173800e-02   1.4178600e-02   1.4438700e-02
   6.8126100e-02   3.8535900e-02   2.5066600e-02   2.2141800e-02   2.0707300e-02   1.8054600e-02   1.3985600e-02   1.6380300e-02   1.3234100e-02   1.3056700e-02   1.2999400e-02   1.2174400e-02   1.2871800e-02   1.2292900e-02   1.3268800e-02   1.1862900e-02   1.2030700e-02   1.1945200e-02   1.2612000e-02   1.3228300e-02   1.3491400e-02   1.3826900e-02   1.4064200e-02   1.4050700e-02   1.4415400e-02
   6.7914600e-02   3.7547600e-02   2.4765500e-02   2.0734900e-02   2.1614800e-02   1.6261100e-02   1.8342500e-02   1.6999300e-02   1.2955600e-02   1.2392300e-02   1.2368400e-02   1.2176500e-02   1.3313500e-02   1.3216700e-02   1.3381500e-02   1.2508400e-02   1.2397600e-02   1.2539700e-02   1.3135300e-02   1.2989100e-02   1.2700900e-02   1.3441600e-02   1.3493600e-02   1.3887700e-02   1.5034400e-02
   6.6457800e-02   3.7684700e-02   2.5046100e-02   2.4602000e-02   1.8614300e-02   1.6597400e-02   1.4572000e-02   1.3710500e-02   1.5880600e-02   1.4465800e-02   1.7034500e-02   1.2383100e-02   1.2050200e-02   1.2474500e-02   1.3740900e-02   1.1736200e-02   1.2177600e-02   1.2470800e-02   1.2670500e-02   1.3719000e-02   1.2918800e-02   1.3764500e-02   1.3307800e-02   1.3524800e-02   1.4080200e-02
   6.6561200e-02   3.6078700e-02   3.3017500e-02   2.0111500e-02   1.9542000e-02   1.6725400e-02   1.4615000e-02   1.2437400e-02   1.7395600e-02   1.7293400e-02   1.1891500e-02   1.1826500e-02   1.1990000e-02   1.4133400e-02   1.1881500e-02   1.2381500e-02   1.1910200e-02   1.2349800e-02   1.2350500e-02   1.2484400e-02   1.3688700e-02   1.3090900e-02   1.3503100e-02   1.4221800e-02   1.4120600e-02
   6.7108900e-02   3.8596000e-02   2.8777200e-02   2.2659300e-02   1.8772400e-02   1.6891300e-02   1.6686200e-02   1.3232400e-02   1.2988300e-02   1.3024300e-02   1.2611700e-02   1.2421100e-02   1.2432100e-02   1.2881100e-02   1.2314000e-02   1.2056200e-02   1.2417900e-02   1.2885800e-02   1.2227000e-02   1.2323400e-02   1.3901500e-02   1.3374500e-02   1.3771500e-02   1.3527100e-02   1.3986200e-02
   6.7419900e-02   3.6278500e-02   2.5549000e-02   1.9955800e-02   1.8325700e-02   1.7705600e-02   1.3897200e-02   1.4492500e-02   1.3849300e-02   1.3463800e-02   1.2270200e-02   1.2442400e-02   1.2208400e-02   1.1373200e-02   1.3276400e-02   1.2550200e-02   1.2599000e-02   1.2070900e-02   1.2556400e-02   1.3067400e-02   1.3214600e-02   1.3472800e-02   1.3892300e-02   1.3492900e-02   1.4654800e-02
   6.7122400e-02   3.7265200e-02   2.4959600e-02   2.4621900e-02   1.8588800e-02   1.7939500e-02   1.5313600e-02   1.4914500e-02   1.4102900e-02   1.2673200e-02   1.3258100e-02   1.1884500e-02   1.3233500e-02   1.3035000e-02   1.2868900e-02   1.2760300e-02   1.2340600e-02   1.2070500e-02   1.2905000e-02   1.2441400e-02   1.2827100e-02   1.3391900e-02   1.3399600e-02   1.3804000e-02   1.4128800e-02
   6.8023700e-02   3.7700300e-02   2.4202500e-02   2.0104800e-02   1.7229200e-02   1.5265000e-02   1.8412000e-02   1.4107200e-02   1.3963200e-02   1.2596300e-02   1.4565600e-02   1.2642000e-02   1.2256500e-02   1.2947700e-02   1.2316900e-02   1.2565200e-02   1.3201400e-02   1.2835100e-02   1.2886300e-02   1.3257800e-02   1.3114700e-02   1.2941200e-02   1.3218900e-02   1.3110200e-02   1.3741300e-02
