   8.4174591e-01   8.4269092e-01   8.0292916e-01   8.4009261e-01   8.0617026e-01   7.9362990e-01   8.2824781e-01   8.3085313e-01   8.0434575e-01   8.4007804e-01   8.2970534e-01   8.4652718e-01   8.1998301e-01   8.3765838e-01   8.3134910e-01   8.2302758e-01   8.4573329e-01   8.2696573e-01   8.3812357e-01   8.2501166e-01   8.2391394e-01   8.3573505e-01   8.4012332e-01   8.2204782e-01   8.3067704e-01
   7.9403309e-01   7.9186755e-01   7.9226882e-01   7.9117343e-01   7.8581694e-01   7.9089895e-01   7.9449447e-01   7.9535234e-01   7.7908140e-01   7.8917599e-01   8.0835978e-01   8.2182738e-01   8.1094417e-01   7.5673240e-01   8.0242466e-01   7.8424223e-01   7.9986140e-01   8.1495814e-01   7.8686960e-01   8.0782055e-01   7.9426206e-01   7.9347669e-01   7.7469546e-01   8.0122766e-01   7.5906049e-01
   7.9556840e-01   8.0143088e-01   8.0132938e-01   7.8662413e-01   7.8859575e-01   7.7875112e-01   7.7622200e-01   8.0398992e-01   7.8304647e-01   7.8365753e-01   7.8151583e-01   8.0323170e-01   7.8337120e-01   7.9694036e-01   7.7253895e-01   7.8044432e-01   7.9656948e-01   7.8117262e-01   7.8578961e-01   8.0345102e-01   7.7743824e-01   7.6283685e-01   7.6861169e-01   7.9404967e-01   8.0080679e-01
   7.9329040e-01   7.9261838e-01   7.9335579e-01   7.8908926e-01   7.9198498e-01   7.6944908e-01   7.7317430e-01   7.8637080e-01   7.7213380e-01   7.7996945e-01   7.6464442e-01   7.6426259e-01   7.8204059e-01   7.7001242e-01   7.7451106e-01   7.2562574e-01   7.3690368e-01   7.3536730e-01   7.4904894e-01   7.3570450e-01   8.1634440e-01   7.6788470e-01   7.8477246e-01   7.4834909e-01   7.9505461e-01
   7.5296285e-01   7.5027854e-01   7.4885942e-01   7.5559806e-01   7.4153151e-01   7.5544264e-01   7.5971474e-01   7.3112729e-01   7.4817883e-01   7.8966424e-01   7.6509716e-01   7.2982203e-01   7.1678322e-01   7.7997767e-01   7.4849867e-01   7.2942656e-01   7.6877634e-01   7.5678025e-01   7.6628598e-01   7.1654040e-01   7.5408532e-01   7.2264304e-01   7.8362618e-01   7.5938802e-01   7.7295405e-01
   6.6045642e-01   6.6050311e-01   6.5545862e-01   6.6779936e-01   6.6076949e-01   6.8890093e-01   6.9071337e-01   6.6250191e-01   6.6830454e-01   7.0688559e-01   6.8031241e-01   6.6932362e-01   7.0110018e-01   6.8698504e-01   6.8850605e-01   6.7002418e-01   7.1560853e-01   7.1255775e-01   6.9332832e-01   6.8613170e-01   6.8780791e-01   7.1954093e-01   7.0496014e-01   7.2217015e-01   7.0452797e-01
   7.4542192e-01   7.4101776e-01   7.3915671e-01   7.3911085e-01   7.4959972e-01   7.3906392e-01   7.5860597e-01   7.4426506e-01   7.5776872e-01   7.3808395e-01   7.2832788e-01   7.2666997e-01   7.5662215e-01   7.2404708e-01   7.4849132e-01   7.4204093e-01   7.5442894e-01   7.2427127e-01   7.6767485e-01   7.0908602e-01   7.3368526e-01   7.5627252e-01   7.2704426e-01   7.3424216e-01   7.3585930e-01
   7.9318753e-01   7.9455642e-01   7.9695437e-01   8.0222137e-01   7.8966939e-01   8.1071913e-01   8.1827264e-01   8.0670406e-01   8.0704029e-01   8.1817420e-01   8.1617810e-01   8.1740787e-01   8.0668991e-01   8.3017139e-01   7.8114087e-01   8.2358042e-01   7.9314927e-01   8.2582036e-01   8.1698656e-01   8.0600109e-01   7.9934957e-01   8.0885572e-01   8.1059628e-01   8.1266509e-01   8.1394966e-01
   7.7012372e-01   7.7111412e-01   7.7450100e-01   7.6082361e-01   7.7338660e-01   7.8192672e-01   7.6180861e-01   7.7555552e-01   7.5318980e-01   7.5746069e-01   7.5415873e-01   7.7539331e-01   7.5422534e-01   7.7477793e-01   7.4100403e-01   7.5682371e-01   7.6123952e-01   7.2532648e-01   7.4281825e-01   7.4055325e-01   7.2942926e-01   7.6392888e-01   7.3614493e-01   7.5088839e-01   7.7580807e-01
   7.7539817e-01   7.8365098e-01   7.8504045e-01   7.6259835e-01   7.8760508e-01   7.7830111e-01   7.8055002e-01   7.6221873e-01   7.6247379e-01   7.6338835e-01   7.4831442e-01   7.8234343e-01   7.4191623e-01   7.4874977e-01   7.9675604e-01   7.8321811e-01   7.4705606e-01   7.7037785e-01   7.4775471e-01   7.4737427e-01   7.5284054e-01   7.6612595e-01   7.5069206e-01   7.7449202e-01   7.6418942e-01
   7.8273603e-01   7.8121422e-01   7.7866839e-01   7.6894036e-01   7.8939911e-01   7.7420670e-01   7.8675017e-01   7.8269999e-01   8.0131328e-01   7.9604795e-01   7.9019640e-01   8.0016162e-01   8.1343659e-01   7.9278152e-01   7.7357516e-01   7.9980694e-01   7.6871535e-01   8.1930615e-01   8.0333907e-01   8.1984606e-01   7.9216991e-01   8.1296033e-01   7.8841840e-01   8.0353657e-01   8.0888586e-01
   8.4833599e-01   8.4800720e-01   8.2953784e-01   8.4983382e-01   8.4916688e-01   8.4984551e-01   8.2474901e-01   8.2718676e-01   8.3301154e-01   8.1275282e-01   8.2055740e-01   8.2940971e-01   8.1742806e-01   8.2282951e-01   8.3163681e-01   8.0682059e-01   8.1591329e-01   8.2675795e-01   8.1720062e-01   8.2288908e-01   8.3308037e-01   8.2158093e-01   8.0121953e-01   8.1227330e-01   8.2604949e-01
   8.3521922e-01   8.3071659e-01   8.3077110e-01   8.3047645e-01   8.2214232e-01   8.3393834e-01   8.0408707e-01   8.2925155e-01   8.2518258e-01   8.2547481e-01   8.2007771e-01   8.2802769e-01   8.2970128e-01   8.1735683e-01   8.1317815e-01   8.2406219e-01   8.1208505e-01   8.2432422e-01   8.4269905e-01   8.2329674e-01   7.9987450e-01   8.1961470e-01   8.1642872e-01   8.3754914e-01   8.2382038e-01
   7.4095377e-01   7.3616224e-01   7.4940882e-01   7.3140581e-01   7.3692953e-01   7.4347172e-01   7.3646307e-01   7.2750767e-01   7.3685762e-01   7.4674318e-01   7.2157216e-01   6.9062097e-01   7.3355364e-01   7.2191437e-01   7.0248856e-01   7.3288472e-01   7.1515295e-01   7.0944971e-01   7.3599517e-01   6.9356104e-01   6.6811247e-01   7.1876876e-01   7.0523461e-01   6.8318054e-01   7.2231257e-01
   8.5941313e-01   8.5921285e-01   8.6050229e-01   8.6300354e-01   8.6348857e-01   8.5569497e-01   8.6137045e-01   8.4631705e-01   8.3223108e-01   8.5476369e-01   8.5475340e-01   8.3856119e-01   8.4292810e-01   8.4932241e-01   8.3552593e-01   8.5330660e-01   8.2947234e-01   8.2364117e-01   8.3732366e-01   8.4558389e-01   8.3298813e-01   8.2880041e-01   8.5780306e-01   8.4012841e-01   8.8061573e-01
   8.0918843e-01   8.1328058e-01   8.1394051e-01   8.0632275e-01   8.2084032e-01   8.2740217e-01   7.9531769e-01   8.2019278e-01   8.1353738e-01   8.0579873e-01   8.1062716e-01   8.2368116e-01   8.3588140e-01   7.9805998e-01   8.3156797e-01   8.0005519e-01   8.0096955e-01   7.8210795e-01   7.8895744e-01   7.7507647e-01   8.2099668e-01   7.9743538e-01   8.0484496e-01   7.9425951e-01   8.1541612e-01
   7.5521834e-01   7.5457370e-01   7.4557512e-01   7.4535397e-01   7.7407892e-01   7.5437681e-01   7.5454703e-01   7.2196101e-01   7.4828543e-01   7.5733459e-01   7.6138701e-01   7.5863156e-01   7.4588880e-01   7.5851423e-01   7.5029490e-01   7.4508830e-01   7.3452311e-01   7.6055992e-01   7.4080930e-01   7.5334010e-01   7.4615560e-01   7.4433341e-01   7.6284045e-01   7.6030924e-01   7.3354102e-01
   7.8542357e-01   7.8482562e-01   7.9015269e-01   7.8802846e-01   7.8987815e-01   7.8693641e-01   7.8594035e-01   7.9568816e-01   8.0461962e-01   7.9483912e-01   7.9117323e-01   7.9026557e-01   7.8807530e-01   7.7975485e-01   7.9162606e-01   7.8777078e-01   7.8513722e-01   7.8505971e-01   7.8950061e-01   7.8583918e-01   7.9541155e-01   7.8402518e-01   7.9174863e-01   7.9293716e-01   7.8194211e-01
   7.8056587e-01   7.8293823e-01   7.8488750e-01   7.8026222e-01   7.8056609e-01   7.7920371e-01   7.8268306e-01   7.8228339e-01   7.8981980e-01   7.6848461e-01   8.1084655e-01   8.1609836e-01   7.7389644e-01   7.8866811e-01   7.9775461e-01   7.9451142e-01   8.0138042e-01   7.9778220e-01   8.0910695e-01   7.8789181e-01   8.0698034e-01   8.0490863e-01   7.9226039e-01   7.9461586e-01   7.9666137e-01
   7.0822469e-01   7.1201330e-01   7.1827672e-01   7.1684862e-01   7.1431544e-01   7.1559732e-01   7.1417324e-01   7.0103049e-01   7.0609216e-01   6.8299253e-01   6.9256945e-01   6.8939848e-01   7.0794662e-01   7.0753974e-01   6.9009834e-01   7.2175371e-01   6.9490324e-01   7.0022896e-01   7.0839404e-01   7.0940286e-01   6.5818051e-01   7.2553233e-01   6.9081798e-01   7.0366830e-01   6.8171475e-01
   8.2073171e-01   8.2293878e-01   8.2327617e-01   8.2440697e-01   8.3046291e-01   8.4059589e-01   8.3319289e-01   8.3599653e-01   8.4812882e-01   8.2962933e-01   8.3342404e-01   8.2520332e-01   8.3290454e-01   8.1840199e-01   8.1366780e-01   8.3231190e-01   8.4251435e-01   8.1273417e-01   8.2800996e-01   8.0352600e-01   8.1214729e-01   8.2727996e-01   8.1281034e-01   8.2657554e-01   8.1975747e-01
   8.0095577e-01   8.0250902e-01   8.0471027e-01   8.1229339e-01   8.0517245e-01   8.0406717e-01   7.8794248e-01   7.8256158e-01   8.0893157e-01   7.8368846e-01   7.9382498e-01   7.9362697e-01   7.8319849e-01   7.7578054e-01   8.0620678e-01   8.2207731e-01   8.1431345e-01   7.9730592e-01   8.0201062e-01   7.7571120e-01   8.0141072e-01   8.1878719e-01   8.0364561e-01   8.0296042e-01   7.7249275e-01
   8.3185216e-01   8.3063586e-01   8.2433247e-01   8.1677283e-01   8.3167705e-01   8.2858520e-01   8.2573425e-01   8.3480404e-01   8.3393582e-01   8.3130297e-01   8.2712187e-01   8.1077847e-01   8.3199745e-01   8.3973413e-01   8.3103866e-01   8.3345302e-01   8.3513490e-01   8.0746398e-01   8.3467007e-01   8.4157753e-01   8.1446634e-01   8.2875482e-01   8.2072373e-01   7.8477589e-01   8.1676159e-01
   7.4674494e-01   7.4657368e-01   7.2546858e-01   7.3683513e-01   7.1531078e-01   7.1005016e-01   7.3244261e-01   7.2164896e-01   7.1885976e-01   7.0430008e-01   7.6619749e-01   7.1350070e-01   7.0524756e-01   7.5943613e-01   7.2823382e-01   7.3803546e-01   7.4122848e-01   7.3205860e-01   7.2129379e-01   7.1216005e-01   7.2336090e-01   7.3849718e-01   7.5168081e-01   7.4643027e-01   7.2723216e-01
   8.3553150e-01   8.3203896e-01   8.2397850e-01   8.3548077e-01   8.2803551e-01   8.3263529e-01   8.4187334e-01   8.2446298e-01   8.3212829e-01   8.2508132e-01   8.3949787e-01   8.3784112e-01   8.2985618e-01   8.2524808e-01   8.3216182e-01   8.3100052e-01   8.1929528e-01   8.0560265e-01   8.1529237e-01   8.2531458e-01   8.3113459e-01   8.2668726e-01   8.1576952e-01   8.2843862e-01   8.3856229e-01
   5.9961091e-01   6.0957444e-01   6.0209180e-01   6.0359767e-01   5.9148951e-01   6.1299133e-01   6.0966531e-01   6.2494301e-01   6.1065277e-01   6.0040439e-01   6.0240034e-01   6.0792668e-01   6.2520291e-01   6.2052840e-01   6.1048031e-01   6.2223227e-01   6.2127857e-01   6.0695434e-01   6.2449099e-01   5.9995555e-01   6.0739962e-01   5.7742217e-01   6.0515430e-01   6.0418760e-01   6.0852129e-01
   8.0881537e-01   7.9770761e-01   8.0133470e-01   8.1523589e-01   8.2035563e-01   8.1518268e-01   7.7805802e-01   8.1704702e-01   8.2944147e-01   8.0871342e-01   7.9426404e-01   8.2206554e-01   8.1367126e-01   8.0609022e-01   8.0748770e-01   8.1021831e-01   7.8965922e-01   8.1589675e-01   8.1294329e-01   8.2847023e-01   7.9766458e-01   8.0518354e-01   8.0299902e-01   8.1706618e-01   8.0719455e-01
   8.2153918e-01   8.2164744e-01   8.2424925e-01   8.2411382e-01   8.2658690e-01   8.3211775e-01   8.3730477e-01   8.4432118e-01   8.2530649e-01   8.1877402e-01   8.1654823e-01   8.1007301e-01   7.9827574e-01   8.1659157e-01   8.1416851e-01   8.2811146e-01   8.1477701e-01   8.2690123e-01   8.1405991e-01   8.2419332e-01   8.3762878e-01   8.2257599e-01   8.1851841e-01   8.1060901e-01   8.0217201e-01
   5.7949994e-01   5.9155788e-01   5.9042886e-01   5.8212968e-01   5.9604320e-01   5.9860765e-01   5.9110983e-01   5.9189191e-01   6.2228666e-01   6.0705637e-01   6.0960486e-01   5.9405899e-01   6.2607914e-01   6.0105661e-01   6.0733126e-01   6.1001405e-01   5.9718089e-01   5.8191097e-01   5.9135968e-01   5.8116642e-01   5.7622787e-01   6.1014329e-01   6.3537419e-01   5.8959928e-01   5.8697856e-01
   7.5362349e-01   7.5828271e-01   7.5507176e-01   7.5591565e-01   7.5305519e-01   7.4343195e-01   7.7403946e-01   7.1444585e-01   7.5189001e-01   7.6372721e-01   7.7471753e-01   7.1240788e-01   7.6328253e-01   6.8603690e-01   6.8318813e-01   7.5389495e-01   7.4857525e-01   7.3523316e-01   7.4039089e-01   7.5432989e-01   7.3664928e-01   7.7619340e-01   7.5186540e-01   7.7237968e-01   7.4129951e-01
   7.6141309e-01   7.6712583e-01   7.6558951e-01   7.6558324e-01   7.5653618e-01   7.5095470e-01   7.5720344e-01   7.4985023e-01   7.5124627e-01   7.5021973e-01   7.5154874e-01   7.3946323e-01   7.3946271e-01   7.2093052e-01   7.2839203e-01   7.5612848e-01   7.1379580e-01   7.2939365e-01   7.2896727e-01   7.3136253e-01   7.0738611e-01   7.3456180e-01   6.9309608e-01   7.3298958e-01   7.3498322e-01
   7.9328831e-01   7.9025739e-01   7.8868201e-01   7.9985583e-01   8.0273676e-01   8.1144011e-01   8.0991009e-01   8.0236838e-01   8.0028883e-01   7.8201094e-01   8.0017151e-01   7.8875840e-01   7.6654854e-01   7.8239667e-01   8.0609880e-01   7.9919051e-01   8.0949580e-01   8.0264254e-01   7.7737640e-01   7.9344293e-01   8.1236593e-01   8.0384990e-01   7.9411703e-01   7.9672359e-01   7.9071530e-01
   8.1982807e-01   8.1761922e-01   8.2163212e-01   8.3099720e-01   8.3875298e-01   8.3032954e-01   8.2990420e-01   8.2997695e-01   8.2852451e-01   8.2724475e-01   8.1024422e-01   8.3659508e-01   8.3802445e-01   8.1987086e-01   8.2445942e-01   8.2664834e-01   8.3271875e-01   8.3627850e-01   8.3874708e-01   8.3736278e-01   8.3499500e-01   8.3487763e-01   8.2664304e-01   8.2362193e-01   8.2279136e-01
   8.0193129e-01   7.9713990e-01   8.0068397e-01   7.9393230e-01   7.9735341e-01   8.0416655e-01   8.0391001e-01   7.8981025e-01   7.9931832e-01   7.7499824e-01   8.1667162e-01   8.0032235e-01   7.7244731e-01   8.0785970e-01   8.0262148e-01   7.8465934e-01   7.7175398e-01   7.9483103e-01   7.9337899e-01   7.9431837e-01   7.8155914e-01   7.7110569e-01   7.8389708e-01   7.9338250e-01   7.8071093e-01
   7.6709750e-01   7.6778631e-01   7.6116128e-01   7.7582342e-01   7.5254401e-01   7.7048661e-01   7.7044824e-01   7.6547710e-01   7.5522268e-01   7.5469767e-01   7.6828662e-01   7.7869921e-01   7.5016968e-01   7.7127729e-01   7.5050601e-01   7.6071906e-01   7.5451592e-01   7.6693687e-01   7.6850019e-01   7.5137259e-01   7.7726435e-01   7.7053422e-01   7.7055665e-01   7.5339856e-01   7.9175702e-01
   8.0820729e-01   8.0830457e-01   8.0821664e-01   8.0896229e-01   7.5739322e-01   8.1387700e-01   7.8874085e-01   7.8844782e-01   7.8287989e-01   7.7412806e-01   8.1352045e-01   7.9884020e-01   8.1912472e-01   7.9657306e-01   7.9851259e-01   8.0540403e-01   8.1744353e-01   8.1282726e-01   8.0869623e-01   8.2246645e-01   8.1550021e-01   8.0560003e-01   7.9739015e-01   7.9124721e-01   8.0956459e-01
   7.9891565e-01   7.9547287e-01   7.9122043e-01   7.9499336e-01   7.5656311e-01   7.8631573e-01   7.5526542e-01   7.8473761e-01   7.4370486e-01   7.5579363e-01   7.8760774e-01   7.7596028e-01   7.7978172e-01   7.7084569e-01   7.8598332e-01   7.8480476e-01   7.8695857e-01   7.6241655e-01   7.9405728e-01   7.8554778e-01   7.3087203e-01   7.7278288e-01   7.7708541e-01   7.5938279e-01   7.6024157e-01
   7.5340295e-01   7.5774532e-01   7.6023110e-01   7.5436335e-01   7.5436469e-01   7.3629778e-01   7.4033761e-01   7.4236482e-01   7.6147830e-01   7.1358973e-01   7.0877423e-01   7.4231105e-01   7.7289939e-01   7.3842545e-01   7.6275119e-01   6.6612819e-01   7.3835485e-01   7.3159757e-01   7.2866363e-01   7.1526084e-01   7.3670613e-01   7.1361857e-01   7.3392609e-01   7.1572477e-01   7.0615485e-01
   7.6135074e-01   7.6373323e-01   7.8334230e-01   7.7027448e-01   7.6128012e-01   7.5223170e-01   7.8102714e-01   7.6836374e-01   7.5876887e-01   7.5380576e-01   7.6839322e-01   7.6282399e-01   7.2848344e-01   7.7312006e-01   7.7295058e-01   7.6323013e-01   7.3069422e-01   7.6944445e-01   7.3381871e-01   7.4406805e-01   7.5757267e-01   7.6532384e-01   7.4811440e-01   7.5471595e-01   7.5559948e-01
   7.7443091e-01   7.7267228e-01   7.7424271e-01   7.7286579e-01   7.5854500e-01   7.1304379e-01   7.6921702e-01   7.1068877e-01   7.5894662e-01   7.8546446e-01   7.7012751e-01   7.9949851e-01   7.8449672e-01   7.6964273e-01   7.4577736e-01   7.9507634e-01   7.8131074e-01   7.9722737e-01   7.8467004e-01   7.7438113e-01   7.6261575e-01   7.5261013e-01   7.9374247e-01   7.8389261e-01   7.5124105e-01
   7.3939433e-01   7.3700999e-01   7.2487878e-01   7.3484754e-01   7.0949203e-01   7.4711370e-01   7.4752193e-01   7.1061799e-01   7.3211285e-01   7.4526594e-01   7.4275374e-01   7.3356067e-01   7.0058071e-01   7.3627852e-01   7.4995122e-01   7.4486174e-01   6.8729267e-01   7.4672480e-01   7.3469986e-01   7.3082084e-01   7.2459276e-01   7.6264174e-01   6.9813878e-01   7.4157215e-01   7.1333614e-01
   7.3866353e-01   7.3590443e-01   7.1454239e-01   7.3783721e-01   7.1017484e-01   7.4761220e-01   7.4903567e-01   7.4091145e-01   7.5617904e-01   7.4443197e-01   7.2907981e-01   7.2075211e-01   7.1851145e-01   7.2288751e-01   7.3229939e-01   7.1324331e-01   7.3917433e-01   7.4961751e-01   7.2784191e-01   7.0287535e-01   7.2751045e-01   7.4369824e-01   7.2338383e-01   7.4995125e-01   7.3508414e-01
   6.7698007e-01   6.8480123e-01   6.9384210e-01   6.7790501e-01   6.9016527e-01   6.9615773e-01   7.0088343e-01   6.7147731e-01   7.1102815e-01   6.8999180e-01   6.7724084e-01   7.1443776e-01   6.5506164e-01   6.7874534e-01   6.6996972e-01   7.2368031e-01   6.7442514e-01   6.9695970e-01   6.8308119e-01   7.0897763e-01   6.9442801e-01   6.7663188e-01   6.7028956e-01   7.0147867e-01   6.5997299e-01
   7.6120098e-01   7.5368132e-01   7.3580148e-01   7.7284100e-01   7.6487565e-01   7.7428974e-01   7.8677352e-01   7.7874933e-01   7.7471429e-01   7.6441250e-01   7.8556977e-01   7.4516565e-01   7.6654931e-01   7.8466886e-01   7.8940092e-01   7.6478398e-01   7.8630671e-01   7.6374911e-01   7.7678114e-01   7.8223855e-01   7.3186789e-01   7.4075336e-01   7.6247018e-01   8.0255133e-01   7.4438792e-01
   6.2764474e-01   6.3568895e-01   6.3371135e-01   6.4068205e-01   6.3832545e-01   6.5762048e-01   6.3810709e-01   6.4594398e-01   6.1665331e-01   6.3535454e-01   6.5071819e-01   6.4359824e-01   6.5699457e-01   6.7259486e-01   6.2102746e-01   6.4638707e-01   6.2827249e-01   6.5664991e-01   6.4614821e-01   6.6859710e-01   6.5090102e-01   6.4959615e-01   6.5150716e-01   6.6555266e-01   6.5270667e-01
   8.1379422e-01   8.1126072e-01   7.9944139e-01   8.1441806e-01   8.1953465e-01   8.2098719e-01   8.1049615e-01   7.9011797e-01   7.8064538e-01   8.0512201e-01   8.1610025e-01   7.9264297e-01   7.8037966e-01   7.7916510e-01   7.3707477e-01   8.1040834e-01   8.1704531e-01   7.6840427e-01   8.0934751e-01   7.9698338e-01   7.6304510e-01   7.8515777e-01   8.0130632e-01   8.0864088e-01   7.7880350e-01
   7.9112169e-01   7.9154591e-01   7.9249310e-01   7.9226846e-01   8.0642180e-01   8.0713876e-01   8.0480326e-01   7.9101811e-01   7.8548646e-01   8.0438782e-01   8.0290954e-01   7.9589405e-01   7.9748308e-01   7.8862642e-01   8.0061172e-01   7.5320420e-01   8.0010200e-01   7.7917819e-01   7.8081329e-01   7.9712643e-01   7.8084144e-01   8.0641857e-01   8.0268095e-01   7.6734767e-01   7.8637652e-01
   8.0224765e-01   8.0386814e-01   7.9994565e-01   8.0093428e-01   8.0365800e-01   8.1443702e-01   8.3197303e-01   7.9537325e-01   8.1331304e-01   8.2116266e-01   8.2325757e-01   8.0415431e-01   8.0143398e-01   8.2620814e-01   8.2404475e-01   8.2008681e-01   8.1676959e-01   8.2662442e-01   7.9919324e-01   8.1749723e-01   8.2747149e-01   7.8566036e-01   8.1316888e-01   8.1827286e-01   7.9058237e-01
   7.9455528e-01   7.9774749e-01   7.8760705e-01   7.8913154e-01   7.8488234e-01   7.8208825e-01   7.7802037e-01   7.7406441e-01   7.4899740e-01   7.9089650e-01   7.8571630e-01   7.8023319e-01   7.7117660e-01   7.8688343e-01   7.6941636e-01   7.6401247e-01   7.6204901e-01   7.5939213e-01   7.4259114e-01   8.0487499e-01   7.5770761e-01   7.6256889e-01   7.7730043e-01   7.8529652e-01   7.7240684e-01
   8.0120838e-01   8.0556365e-01   7.9163243e-01   8.0317929e-01   7.8364066e-01   7.8882091e-01   7.7473836e-01   7.8079182e-01   7.8979354e-01   7.7667452e-01   7.8097934e-01   7.6964009e-01   7.9283983e-01   7.6494692e-01   7.7073553e-01   7.8430685e-01   7.7825229e-01   7.6762243e-01   7.7445576e-01   7.9191166e-01   7.7173889e-01   7.4620999e-01   7.8697440e-01   7.6473682e-01   7.7797779e-01
   8.1723587e-01   8.1435122e-01   8.2117770e-01   8.0815138e-01   7.9926350e-01   7.8243233e-01   7.6470620e-01   7.8780676e-01   7.9073544e-01   7.8292392e-01   7.6882739e-01   7.8150567e-01   7.9566286e-01   7.6665600e-01   7.6837411e-01   7.7693981e-01   7.8755892e-01   7.7221733e-01   7.6900652e-01   7.9939254e-01   7.4701260e-01   7.2957218e-01   7.5458435e-01   7.9175009e-01   7.7366877e-01
   7.7811334e-01   7.7547012e-01   7.7358068e-01   7.8200959e-01   7.8822774e-01   7.8906228e-01   8.0470187e-01   7.7262458e-01   7.8559022e-01   7.9419023e-01   7.7151035e-01   7.3919122e-01   7.8966804e-01   7.6490084e-01   7.4005845e-01   7.9842846e-01   7.5961472e-01   7.6233343e-01   7.7999241e-01   7.7369496e-01   8.0064827e-01   7.8689951e-01   7.7081529e-01   7.5555804e-01   7.7440089e-01
   8.3163919e-01   8.3066760e-01   8.3446430e-01   8.3756715e-01   8.3997161e-01   8.2703158e-01   8.3883446e-01   8.3366999e-01   8.2961865e-01   8.2724826e-01   8.3032690e-01   8.4406648e-01   8.5352355e-01   8.4012523e-01   8.5547674e-01   8.1677420e-01   8.2735253e-01   8.4650286e-01   8.4135738e-01   8.4040487e-01   8.4723530e-01   8.5776681e-01   8.4459711e-01   8.4356443e-01   8.4109918e-01
   7.5377326e-01   7.6322533e-01   7.6357473e-01   7.5878727e-01   7.8332859e-01   7.7156505e-01   7.7850715e-01   7.7713165e-01   7.8036659e-01   7.5613873e-01   7.6853618e-01   7.6343261e-01   7.6497339e-01   7.7716939e-01   7.9170611e-01   7.3192629e-01   7.6498682e-01   7.5002747e-01   7.3703659e-01   7.6440303e-01   7.6177690e-01   7.6060259e-01   7.9240041e-01   7.8157730e-01   7.8493950e-01
   7.5516836e-01   7.6109271e-01   7.6451817e-01   7.6332577e-01   7.7335242e-01   7.7660654e-01   7.8168963e-01   7.5680611e-01   7.6235867e-01   7.5794616e-01   7.2740264e-01   7.4276364e-01   7.6386809e-01   7.4648921e-01   7.3722111e-01   7.6035005e-01   7.8678891e-01   7.7257433e-01   7.8378703e-01   7.5114515e-01   7.2874145e-01   7.6236492e-01   7.4594211e-01   7.6656039e-01   7.7368293e-01
   6.9840177e-01   7.0055691e-01   7.1029891e-01   7.0338725e-01   7.2059822e-01   6.7758649e-01   6.8307650e-01   7.1924356e-01   7.0648759e-01   6.4303555e-01   6.9235637e-01   7.1807647e-01   6.2053087e-01   6.6222857e-01   6.4386819e-01   7.2392013e-01   6.3397772e-01   6.7262442e-01   7.1060361e-01   6.8850565e-01   6.6583045e-01   6.8075500e-01   7.4194323e-01   7.0613174e-01   7.0184846e-01
   7.9584641e-01   7.8945386e-01   7.8592758e-01   7.9635929e-01   7.9908341e-01   8.1731350e-01   8.1418482e-01   7.9361260e-01   7.8358417e-01   8.0815613e-01   8.0394765e-01   8.1517024e-01   7.5479692e-01   8.0287093e-01   7.9172184e-01   7.7549017e-01   7.9232491e-01   8.1456128e-01   7.7949927e-01   7.7960664e-01   7.8424454e-01   7.8714699e-01   8.0440789e-01   7.9113694e-01   7.9702547e-01
   7.7327650e-01   7.7067513e-01   7.5433669e-01   7.6059855e-01   7.6629769e-01   7.7924726e-01   7.7700580e-01   7.6599825e-01   7.7148432e-01   7.7543262e-01   7.5566568e-01   7.8061868e-01   7.5674401e-01   7.7625799e-01   7.9306602e-01   8.0128050e-01   7.4827019e-01   7.7401737e-01   7.9536386e-01   7.9047876e-01   7.7761678e-01   7.9386941e-01   7.6870545e-01   7.5778712e-01   7.7631837e-01
   7.5169179e-01   7.5467377e-01   7.5610305e-01   7.4584979e-01   7.5232475e-01   7.4828045e-01   7.2887744e-01   7.5715129e-01   7.3220038e-01   7.5143186e-01   7.3625380e-01   7.3102224e-01   7.2682956e-01   7.4452241e-01   7.3168317e-01   7.2334689e-01   6.9715490e-01   7.2406822e-01   7.1141614e-01   6.9514416e-01   6.7837237e-01   6.9568344e-01   7.5291926e-01   7.1285745e-01   7.0499067e-01
   7.7421255e-01   7.7333015e-01   7.7281248e-01   7.9084678e-01   7.8046178e-01   7.8399713e-01   7.7250064e-01   7.6970932e-01   7.7836076e-01   7.5965014e-01   7.7754931e-01   7.8148948e-01   7.8431158e-01   7.6064155e-01   7.7437530e-01   7.4421700e-01   7.7277239e-01   7.6275660e-01   7.5630363e-01   7.6740705e-01   7.5405959e-01   7.6713862e-01   7.6003153e-01   7.6313648e-01   7.6478115e-01
   8.4085019e-01   8.4214023e-01   8.3062624e-01   8.3595202e-01   8.3115235e-01   8.3530899e-01   8.3986459e-01   8.4311275e-01   8.2869745e-01   8.4122053e-01   8.2144509e-01   8.3633372e-01   8.4162723e-01   8.4136760e-01   8.3411806e-01   8.1709638e-01   8.2479372e-01   8.3992637e-01   8.1713973e-01   8.1748336e-01   8.3539185e-01   8.3085280e-01   8.3084043e-01   8.0223750e-01   8.2871673e-01
   7.7895607e-01   7.7540779e-01   7.7918229e-01   7.7118230e-01   7.6034864e-01   8.0074611e-01   7.6094997e-01   8.0413536e-01   7.0819401e-01   7.8111837e-01   7.7342405e-01   7.6717132e-01   8.0636980e-01   7.7693968e-01   8.0638508e-01   8.0579491e-01   7.9529150e-01   7.6065518e-01   7.9113520e-01   7.8931062e-01   7.8751981e-01   7.4575795e-01   7.9999628e-01   7.9040784e-01   7.2274587e-01
   7.4748942e-01   7.5418038e-01   7.4412516e-01   7.4248420e-01   7.4449877e-01   7.4462421e-01   7.3614185e-01   7.3950208e-01   7.2293852e-01   7.5019840e-01   7.2613052e-01   7.5644913e-01   7.3541578e-01   7.4156320e-01   7.3158181e-01   7.4994852e-01   7.2257005e-01   7.0445905e-01   7.4200817e-01   7.4677169e-01   7.2863268e-01   7.3466501e-01   7.3446423e-01   7.0276998e-01   6.9678064e-01
   7.6823310e-01   7.7297412e-01   7.7896468e-01   7.7891308e-01   7.8776622e-01   7.7699672e-01   7.6859958e-01   7.9353754e-01   7.7538070e-01   7.4922383e-01   7.4321251e-01   7.5199551e-01   7.4108109e-01   7.6040722e-01   7.6428462e-01   7.6271358e-01   7.5243906e-01   7.3504351e-01   7.5917676e-01   7.4400008e-01   7.4458298e-01   7.5398768e-01   7.4965343e-01   7.3396477e-01   7.3107661e-01
   7.8583664e-01   7.7696581e-01   7.8409788e-01   7.9449958e-01   7.9322071e-01   7.9255196e-01   7.6054182e-01   7.9094339e-01   7.7426441e-01   7.8000432e-01   7.8558493e-01   7.9154880e-01   7.5816231e-01   7.7256395e-01   7.8777288e-01   7.6420715e-01   7.4258813e-01   7.6466956e-01   7.6234422e-01   8.0721613e-01   7.5545169e-01   7.8007948e-01   7.3200076e-01   7.2458420e-01   7.6818787e-01
   7.7288069e-01   7.7327729e-01   7.7381492e-01   7.8936491e-01   7.9452675e-01   7.8214892e-01   7.8682501e-01   7.9335915e-01   7.7822808e-01   8.0329832e-01   7.7987144e-01   7.6792519e-01   7.7959787e-01   7.7829754e-01   7.9331259e-01   7.9671738e-01   7.9078891e-01   7.7498517e-01   7.7171792e-01   7.7263438e-01   7.9537907e-01   7.9199020e-01   7.9208485e-01   7.8584909e-01   7.8453555e-01
   7.8371318e-01   7.8325559e-01   7.9077875e-01   7.8051854e-01   7.9850583e-01   7.8248427e-01   7.9523301e-01   7.5936348e-01   7.8255504e-01   8.0436929e-01   7.7588471e-01   7.5833106e-01   7.7806332e-01   7.6022305e-01   7.3385656e-01   7.6342182e-01   7.8676335e-01   7.9714794e-01   7.8179707e-01   7.7960740e-01   7.9328630e-01   7.6536142e-01   7.5885717e-01   7.8755980e-01   7.6576596e-01
   8.0605697e-01   8.0492980e-01   8.0707654e-01   8.0489505e-01   7.9785688e-01   8.0208543e-01   8.0156107e-01   8.2033675e-01   8.2280642e-01   8.0987244e-01   8.0640679e-01   8.1393004e-01   8.0881926e-01   8.1606355e-01   7.9181464e-01   7.9832176e-01   8.1298829e-01   8.2602683e-01   8.2222712e-01   8.0403073e-01   8.0925692e-01   8.2191630e-01   8.1094860e-01   8.2628644e-01   8.3186538e-01
   8.1847976e-01   8.1645762e-01   7.9882704e-01   8.0888632e-01   8.1024257e-01   8.1228955e-01   8.1537448e-01   8.1610516e-01   8.2574169e-01   8.0727553e-01   8.0871572e-01   8.1558746e-01   8.1524933e-01   8.0042119e-01   7.9502537e-01   8.1592975e-01   8.0525243e-01   8.0967855e-01   8.1885876e-01   7.8287901e-01   8.1311754e-01   8.1137140e-01   8.0854281e-01   8.1879391e-01   8.0548517e-01
   7.8423231e-01   7.8731532e-01   7.8291135e-01   7.7876064e-01   7.8649019e-01   7.8701770e-01   7.7184401e-01   7.7932548e-01   7.7736280e-01   7.7007167e-01   7.7138875e-01   7.6494177e-01   7.7872242e-01   7.6819679e-01   7.6936304e-01   7.6911487e-01   7.6511680e-01   7.8449561e-01   7.7000994e-01   7.6205440e-01   7.9139150e-01   7.7127547e-01   7.7516211e-01   7.6826591e-01   7.6004933e-01
   7.8015305e-01   7.7896398e-01   7.7920488e-01   8.0554415e-01   7.8462130e-01   8.0143671e-01   7.9813298e-01   7.6666408e-01   7.7797050e-01   7.9349571e-01   8.0982542e-01   7.7939549e-01   8.0553902e-01   8.0328541e-01   7.7936523e-01   8.0109832e-01   7.9232689e-01   7.7389945e-01   7.8220172e-01   7.9383910e-01   7.8406824e-01   7.9740891e-01   8.0294054e-01   8.1600514e-01   7.7639830e-01
   7.6446425e-01   7.6402457e-01   7.6510797e-01   7.4921985e-01   7.6213166e-01   7.7516168e-01   7.6438573e-01   7.6529014e-01   7.4586836e-01   7.8386919e-01   7.9159064e-01   7.6364726e-01   7.8160593e-01   7.7557435e-01   7.7610291e-01   7.8554574e-01   7.4602768e-01   7.2412952e-01   7.7104630e-01   7.5025754e-01   7.6875982e-01   7.6288623e-01   7.9580900e-01   7.6635251e-01   7.7903412e-01
   8.0146177e-01   8.0473753e-01   8.0496094e-01   7.9791391e-01   7.9575172e-01   7.9270986e-01   7.7717392e-01   7.8704591e-01   8.0219103e-01   7.6306780e-01   7.9773596e-01   7.8259605e-01   8.0630634e-01   7.7266374e-01   7.8061405e-01   7.6025743e-01   7.6944888e-01   7.7227909e-01   7.7419758e-01   7.7966051e-01   7.6198036e-01   7.8247379e-01   8.0304453e-01   7.9431747e-01   7.9009876e-01
   8.3913715e-01   8.3507676e-01   8.2101147e-01   8.0708893e-01   8.1143931e-01   8.1416974e-01   8.2460746e-01   8.1387685e-01   8.2002423e-01   8.1921458e-01   8.2196947e-01   8.3291812e-01   8.3113710e-01   8.2447036e-01   8.0255128e-01   8.2506171e-01   8.1524695e-01   8.4163861e-01   8.3055816e-01   8.2119969e-01   8.0627657e-01   8.3251443e-01   8.4082495e-01   8.1295952e-01   8.1731460e-01
   7.4486510e-01   7.3825710e-01   7.3808461e-01   7.4692457e-01   7.3108215e-01   7.4652779e-01   7.3391259e-01   7.3845822e-01   7.5293669e-01   7.5430979e-01   6.6711217e-01   7.2913227e-01   7.4598393e-01   7.2488185e-01   7.3527736e-01   7.6067413e-01   7.6720032e-01   7.2572429e-01   7.3602709e-01   7.6250773e-01   7.2875238e-01   7.4694853e-01   7.7270336e-01   7.2508129e-01   7.8336721e-01
   7.6801964e-01   7.6384393e-01   7.7090887e-01   7.7910085e-01   7.8409043e-01   7.7937449e-01   7.7351845e-01   7.8340646e-01   7.6176920e-01   7.3953894e-01   7.7101217e-01   7.6333821e-01   7.5199161e-01   7.8762856e-01   7.5308510e-01   7.8138140e-01   7.7132573e-01   7.4435727e-01   7.7763122e-01   7.6611937e-01   7.5744772e-01   7.4709981e-01   7.7636793e-01   7.6705086e-01   7.9193468e-01
   8.7410665e-01   8.7407650e-01   8.7404121e-01   8.6053971e-01   8.6993999e-01   8.7436558e-01   8.7164801e-01   8.6471055e-01   8.4745872e-01   8.5415444e-01   8.6561702e-01   8.6850911e-01   8.6604371e-01   8.6904955e-01   8.6680953e-01   8.5718945e-01   8.4945240e-01   8.4598599e-01   8.1600684e-01   8.5883358e-01   8.4737554e-01   8.4464460e-01   8.6281901e-01   8.5859509e-01   8.6677420e-01
   7.1122620e-01   7.1136432e-01   7.1070278e-01   6.8183143e-01   7.2163018e-01   7.1133997e-01   7.0479853e-01   7.1251964e-01   7.3395298e-01   7.0994014e-01   7.2557514e-01   7.2202673e-01   7.0344876e-01   7.3275389e-01   6.7343694e-01   6.9601560e-01   6.9653396e-01   7.2565617e-01   7.1553770e-01   7.0326538e-01   7.3560790e-01   7.1531038e-01   6.9859953e-01   7.1316443e-01   7.2547529e-01
   7.6093549e-01   7.6742632e-01   7.6530796e-01   7.6726854e-01   7.7324654e-01   7.6116297e-01   7.7079516e-01   7.5058315e-01   7.5827475e-01   7.6061480e-01   7.5744908e-01   7.7064726e-01   7.5885744e-01   7.4682438e-01   7.8954401e-01   7.7844105e-01   7.8233467e-01   7.7162458e-01   8.0129128e-01   7.6808311e-01   7.7684908e-01   7.7138885e-01   7.7294777e-01   7.8529640e-01   7.7065309e-01
   8.4059669e-01   8.3883821e-01   8.4370323e-01   8.2890593e-01   8.3931856e-01   8.4335401e-01   8.3943074e-01   8.3211991e-01   8.4744285e-01   8.3667507e-01   8.3122114e-01   8.3385180e-01   8.3994617e-01   8.4871212e-01   8.3595530e-01   8.4621020e-01   8.3469570e-01   8.2515108e-01   8.0713671e-01   8.3073149e-01   8.3984774e-01   8.4552293e-01   8.2953784e-01   8.4604258e-01   8.3804261e-01
   8.0047512e-01   7.9966676e-01   7.9647849e-01   7.9020878e-01   8.0371781e-01   7.9398008e-01   8.0044652e-01   7.9596747e-01   7.8609220e-01   7.9031573e-01   7.8140112e-01   7.8690265e-01   7.9094686e-01   7.7707851e-01   7.9586988e-01   7.7802876e-01   7.8653874e-01   7.9657124e-01   7.9103654e-01   8.0496457e-01   7.9628351e-01   7.9327306e-01   8.1730347e-01   7.6670251e-01   7.9226923e-01
   6.8644091e-01   6.8437074e-01   6.8555517e-01   6.8270331e-01   6.7318845e-01   6.6784555e-01   6.7649919e-01   6.8368223e-01   6.5943573e-01   6.7498264e-01   6.9011507e-01   6.7656410e-01   6.8036599e-01   6.5968561e-01   6.8805646e-01   7.1362723e-01   6.8659777e-01   6.8218401e-01   6.9215298e-01   6.9609004e-01   6.8929729e-01   6.7312149e-01   6.8574321e-01   7.0535462e-01   7.2809845e-01
   7.7137159e-01   7.7468578e-01   7.8529197e-01   7.7763584e-01   7.9054867e-01   7.8716201e-01   7.8705475e-01   7.6975721e-01   7.7619255e-01   7.8703208e-01   7.8455545e-01   7.7481555e-01   7.8421303e-01   7.6438219e-01   7.8639783e-01   7.7460609e-01   7.7664275e-01   7.6383920e-01   7.7980679e-01   7.8146972e-01   8.0308537e-01   7.7214473e-01   7.7521809e-01   7.8675603e-01   7.7326091e-01
   7.7979453e-01   7.8084279e-01   7.8648852e-01   7.6478289e-01   7.5856969e-01   7.5436306e-01   7.4426915e-01   7.7573347e-01   7.5151528e-01   7.5696622e-01   7.6303662e-01   7.7070996e-01   7.5475891e-01   7.6900414e-01   7.4051955e-01   7.3911474e-01   7.3970413e-01   7.6494320e-01   7.4088600e-01   7.4480785e-01   7.6298610e-01   7.4058100e-01   7.6679190e-01   7.5129492e-01   7.6094931e-01
   7.6239525e-01   7.6163234e-01   7.6004886e-01   7.6090954e-01   7.5576379e-01   7.4846056e-01   7.6858647e-01   7.6997135e-01   7.7497071e-01   7.7414487e-01   7.5492109e-01   7.6811356e-01   7.6284076e-01   7.7467880e-01   7.7310873e-01   7.6666020e-01   7.6260039e-01   7.6841898e-01   7.8095012e-01   7.3438825e-01   7.6868358e-01   7.8348015e-01   7.6085753e-01   7.8632289e-01   7.2847474e-01
   7.7915751e-01   7.7721284e-01   7.6151298e-01   7.8110955e-01   7.7368951e-01   7.7319661e-01   7.6252808e-01   7.5972313e-01   7.8194024e-01   7.8449833e-01   7.8601486e-01   7.7208892e-01   7.7044510e-01   7.8447392e-01   7.7845838e-01   7.6925173e-01   7.7085447e-01   7.7132399e-01   7.6670170e-01   7.9130143e-01   7.7813624e-01   7.7323608e-01   7.8054421e-01   7.7270007e-01   7.6895533e-01
   8.0010692e-01   8.0336756e-01   8.0367734e-01   7.9601113e-01   7.9659456e-01   7.8139846e-01   7.8481229e-01   8.0243398e-01   7.6777291e-01   7.9193929e-01   7.9511149e-01   7.6806653e-01   7.4982737e-01   7.8175432e-01   7.8347151e-01   7.8342596e-01   7.5003485e-01   8.0562948e-01   7.9554590e-01   7.3655742e-01   7.7481333e-01   7.9974258e-01   7.8311306e-01   7.5504158e-01   8.2193757e-01
   8.0081490e-01   8.0235983e-01   8.1024719e-01   8.1751777e-01   8.1894356e-01   8.1776797e-01   7.9213937e-01   8.0195531e-01   8.1451482e-01   8.1154758e-01   8.1678524e-01   8.1933524e-01   8.2115888e-01   8.2654800e-01   8.0993141e-01   8.0359643e-01   8.0905500e-01   8.0775124e-01   7.9911296e-01   7.7712177e-01   8.1682974e-01   8.1939747e-01   8.3197603e-01   8.0846198e-01   8.3698884e-01
   7.9176275e-01   7.9082116e-01   7.9123881e-01   7.8294396e-01   7.9487445e-01   7.8874783e-01   7.9127676e-01   7.5552019e-01   7.8546505e-01   7.9271215e-01   7.8992240e-01   7.8744119e-01   8.0195907e-01   7.6965064e-01   8.0430445e-01   7.7031714e-01   7.6924092e-01   7.9550220e-01   7.8872600e-01   7.7346204e-01   7.9247455e-01   7.9748847e-01   7.5451930e-01   7.7145999e-01   7.9240602e-01
   8.4224026e-01   8.4490200e-01   8.4953947e-01   8.5204164e-01   8.4131652e-01   8.5393895e-01   8.4363938e-01   8.5618512e-01   8.5010804e-01   8.3826039e-01   8.5386481e-01   8.4855560e-01   8.5092623e-01   8.5287785e-01   8.4744178e-01   8.5807239e-01   8.5247471e-01   8.4676826e-01   8.5161768e-01   8.5679223e-01   8.4075696e-01   8.5593528e-01   8.3814951e-01   8.3597383e-01   8.5542305e-01
   8.1616803e-01   8.1419580e-01   8.1288869e-01   8.0730428e-01   8.2166767e-01   8.2295750e-01   8.1677562e-01   8.1940989e-01   8.1043936e-01   8.0729104e-01   8.1666465e-01   8.1399854e-01   7.8918833e-01   8.1614580e-01   8.1139954e-01   8.1699061e-01   8.0626111e-01   8.1542326e-01   8.1588597e-01   8.0619135e-01   8.1550462e-01   8.0157877e-01   7.9291903e-01   8.0454313e-01   8.0885422e-01
   8.1023512e-01   8.1333988e-01   8.0944362e-01   8.0420217e-01   8.1213293e-01   8.1948253e-01   8.1249147e-01   8.0637758e-01   8.1303053e-01   8.2521395e-01   8.0808943e-01   8.1626216e-01   8.0194137e-01   7.8898554e-01   8.0429820e-01   7.8984225e-01   8.1124861e-01   7.7701947e-01   7.9591328e-01   7.8578767e-01   7.9083282e-01   7.7219457e-01   8.0794372e-01   7.8890980e-01   8.1401036e-01
   8.1567552e-01   8.1693970e-01   8.1392766e-01   8.1601917e-01   8.1478057e-01   8.2426154e-01   8.0178656e-01   8.1148061e-01   8.0033766e-01   8.1716378e-01   8.1361145e-01   8.0772852e-01   8.1344986e-01   8.2050096e-01   8.1336110e-01   8.0204713e-01   8.0957580e-01   8.1759488e-01   8.1343659e-01   8.0585485e-01   8.0587089e-01   8.0454803e-01   7.9058215e-01   8.2049071e-01   8.1568719e-01
   7.7594279e-01   7.7896985e-01   7.7636081e-01   7.6644391e-01   7.6283528e-01   7.6805775e-01   7.6945127e-01   7.8033266e-01   7.5773303e-01   7.6047309e-01   7.5796647e-01   7.5500455e-01   7.7884748e-01   7.5925328e-01   7.6781098e-01   7.2682311e-01   7.5846706e-01   7.7552288e-01   7.6087927e-01   7.6234305e-01   7.6579304e-01   7.2775801e-01   7.7374316e-01   7.6263897e-01   7.3019221e-01
   7.7157597e-01   7.7149596e-01   7.6396949e-01   7.7783963e-01   7.7515613e-01   7.7502325e-01   7.7757391e-01   7.7141406e-01   7.6177268e-01   7.5558122e-01   7.5478107e-01   7.7171700e-01   7.5890778e-01   7.8319607e-01   7.8892493e-01   7.7320101e-01   7.5639928e-01   7.4550671e-01   7.6815364e-01   7.7639446e-01   7.6400880e-01   7.5532169e-01   7.7681041e-01   7.8702973e-01   7.7207779e-01
   8.2612918e-01   8.2733304e-01   8.3928339e-01   8.2277277e-01   8.2174724e-01   8.0867029e-01   8.2749988e-01   8.1972894e-01   8.1653764e-01   8.2324460e-01   8.3028975e-01   8.1804711e-01   8.1313393e-01   8.1866203e-01   8.3568608e-01   8.1475436e-01   8.3642050e-01   8.2425145e-01   8.1874268e-01   8.2894892e-01   8.1657452e-01   8.3810844e-01   8.1710863e-01   8.1264951e-01   8.1825850e-01
   7.7695919e-01   7.7614439e-01   7.7561022e-01   7.7309444e-01   7.7296375e-01   7.7280295e-01   7.7299512e-01   7.6939878e-01   7.8901491e-01   7.7300192e-01   7.8153145e-01   7.4763878e-01   7.8612382e-01   7.6291819e-01   7.7444274e-01   7.4624130e-01   7.6663530e-01   7.4980587e-01   7.4169027e-01   7.3930989e-01   7.5938022e-01   7.6716301e-01   7.6531246e-01   7.6983669e-01   7.5060149e-01
   6.8467667e-01   6.8407148e-01   7.0923709e-01   6.8195706e-01   6.8496198e-01   7.0000615e-01   6.8620983e-01   6.7432573e-01   6.7115033e-01   6.8155554e-01   6.9025995e-01   6.8404432e-01   6.7933627e-01   6.9337143e-01   7.1039967e-01   6.4651307e-01   6.7065471e-01   6.7482074e-01   6.6265779e-01   6.6241819e-01   6.8924467e-01   6.7220358e-01   6.8529231e-01   6.9952029e-01   6.8223992e-01
   8.4644209e-01   8.4719901e-01   8.4796206e-01   8.4903814e-01   8.5823958e-01   8.5762820e-01   8.5242787e-01   8.5718078e-01   8.5122031e-01   8.6289656e-01   8.5526837e-01   8.6483025e-01   8.5592773e-01   8.5530885e-01   8.6654934e-01   8.5006594e-01   8.6968551e-01   8.6903956e-01   8.6132747e-01   8.5633009e-01   8.6885011e-01   8.5924918e-01   8.7530374e-01   8.6379717e-01   8.6037090e-01
   7.0918812e-01   7.0197084e-01   7.0996036e-01   7.0948311e-01   7.0514796e-01   7.1009235e-01   7.0952796e-01   6.9988179e-01   6.9300201e-01   6.9105630e-01   6.3473933e-01   7.1937127e-01   7.0395468e-01   6.8884670e-01   6.9544608e-01   7.0564410e-01   7.1253053e-01   7.0741059e-01   7.1405354e-01   7.2146063e-01   7.2914477e-01   6.8950858e-01   7.2098476e-01   7.1574359e-01   6.8625837e-01
