   5.5720100e-02   3.0138400e-02   2.2475400e-02   1.9038300e-02   1.7856000e-02   1.6672700e-02   1.3580200e-02   1.5510700e-02   1.3467400e-02   1.2268700e-02   1.2636300e-02   1.6101300e-02   1.2047200e-02   1.2147900e-02   1.1310700e-02   1.1952400e-02   1.2169400e-02   1.1877700e-02   1.3012300e-02   1.3073600e-02   1.3522800e-02   2.3248700e-02   2.5780100e-02   1.6499300e-02   1.4647500e-02
   5.3723500e-02   2.9869500e-02   2.2696600e-02   1.7705000e-02   1.5539000e-02   1.4676200e-02   1.2524900e-02   1.4004000e-02   1.4944800e-02   1.3748700e-02   1.1885400e-02   1.2341300e-02   1.2028900e-02   1.1520100e-02   1.1152500e-02   1.2039500e-02   1.2055600e-02   1.2402800e-02   1.3848700e-02   1.3314200e-02   1.3994100e-02   1.3069400e-02   1.3201500e-02   1.3323700e-02   1.3873100e-02
   5.2196400e-02   2.8497000e-02   2.2282600e-02   1.9617200e-02   1.7913000e-02   1.5034000e-02   1.3668800e-02   1.2804700e-02   1.2561500e-02   1.7063700e-02   1.1990600e-02   1.1452100e-02   1.1326100e-02   1.2344900e-02   1.3156400e-02   1.2904100e-02   1.2313700e-02   1.1696500e-02   1.2920000e-02   1.2950000e-02   1.2912300e-02   1.2752100e-02   1.5545600e-02   1.5197100e-02   1.4256000e-02
   5.3800900e-02   3.1141600e-02   2.2687100e-02   1.9884700e-02   1.7684000e-02   1.3113800e-02   1.4847600e-02   1.1793400e-02   1.1827800e-02   1.2306400e-02   1.1344800e-02   1.1502100e-02   1.2803800e-02   1.2638800e-02   1.1325500e-02   1.3265400e-02   1.2510300e-02   1.2563900e-02   1.2489700e-02   1.2522600e-02   1.2409200e-02   1.3100600e-02   1.2988100e-02   1.3653300e-02   1.3567800e-02
   5.5606800e-02   3.0663300e-02   2.0319700e-02   2.5677300e-02   1.7349800e-02   1.4012800e-02   1.3162600e-02   1.5334800e-02   1.3210800e-02   1.3787200e-02   1.3599600e-02   1.3337800e-02   1.4102700e-02   1.2533900e-02   1.2154500e-02   1.3761400e-02   1.5966600e-02   1.4568300e-02   1.2787200e-02   1.2995800e-02   1.2736600e-02   1.3409800e-02   1.3538100e-02   1.3637200e-02   1.3998400e-02
   5.2746800e-02   3.3712400e-02   2.0023200e-02   1.7657400e-02   2.0417100e-02   1.4748100e-02   1.2614700e-02   1.2344900e-02   1.2074500e-02   1.1667600e-02   1.2744500e-02   1.1889400e-02   1.1250600e-02   1.1852600e-02   1.1330000e-02   1.2326200e-02   1.2238500e-02   1.2234200e-02   1.2639600e-02   1.3202700e-02   1.2974000e-02   1.3265100e-02   1.4520300e-02   1.3227500e-02   1.7235300e-02
   5.8131200e-02   3.3646100e-02   2.1363400e-02   2.1106000e-02   2.0107000e-02   1.6114400e-02   1.5122300e-02   1.4274800e-02   1.4493400e-02   1.1508600e-02   1.2841500e-02   1.2024000e-02   1.1840000e-02   1.3958300e-02   1.2070000e-02   1.2963200e-02   1.3399700e-02   1.3369400e-02   1.6597000e-02   1.2932700e-02   1.3633300e-02   1.4840900e-02   1.4295200e-02   1.3581900e-02   1.3867300e-02
   5.4223900e-02   2.9782000e-02   1.9999000e-02   1.7633200e-02   1.4941700e-02   1.4091400e-02   1.3824400e-02   1.1859400e-02   1.3260700e-02   1.2214800e-02   1.1025100e-02   1.2304300e-02   1.0502400e-02   1.0709800e-02   1.1495400e-02   1.1351800e-02   1.1585200e-02   1.2040500e-02   1.2912100e-02   1.2251800e-02   1.2039800e-02   1.2634900e-02   1.2472700e-02   1.3095200e-02   1.3313800e-02
   5.3387200e-02   2.9822800e-02   2.2225400e-02   1.9131500e-02   1.7782200e-02   1.3330600e-02   1.5957500e-02   1.4757800e-02   1.3293600e-02   1.4590100e-02   1.2349700e-02   1.1908600e-02   1.1930100e-02   1.2586700e-02   1.4360000e-02   1.2156900e-02   1.2070300e-02   1.3129000e-02   1.2363200e-02   1.3221300e-02   1.2589500e-02   1.2163100e-02   1.2399700e-02   1.2141000e-02   1.3305000e-02
   5.2157500e-02   2.9433100e-02   2.1737500e-02   1.8660600e-02   1.6537900e-02   1.7038100e-02   1.3138700e-02   1.5915500e-02   1.5995300e-02   1.2241800e-02   1.1495900e-02   1.1007200e-02   1.8080700e-02   1.3511500e-02   1.1695500e-02   1.1035300e-02   1.1907800e-02   1.3570000e-02   1.2506800e-02   1.4256600e-02   1.2250400e-02   1.2379600e-02   1.2994500e-02   1.2912400e-02   1.4044000e-02
   5.3636400e-02   3.2099100e-02   2.1626900e-02   1.7754500e-02   1.7715600e-02   1.8280500e-02   1.3786800e-02   1.3719900e-02   1.2114200e-02   1.2607100e-02   1.0947500e-02   1.2860700e-02   1.1793700e-02   1.1702000e-02   1.2150900e-02   1.1422500e-02   1.2050500e-02   1.2551700e-02   1.3739700e-02   1.2554000e-02   1.3175800e-02   1.3950900e-02   1.3856800e-02   1.3957800e-02   1.3895400e-02
   5.3700300e-02   2.9673300e-02   2.0135100e-02   2.0040900e-02   1.4990500e-02   1.2985000e-02   1.5162400e-02   1.3387600e-02   1.2313300e-02   1.2422700e-02   1.1595000e-02   1.1742400e-02   1.1911200e-02   1.2100500e-02   1.2295400e-02   1.2412800e-02   1.3879500e-02   1.2493800e-02   1.2221800e-02   1.2710400e-02   1.3246700e-02   1.5022600e-02   1.2973300e-02   1.3664300e-02   1.3730000e-02
   5.4234600e-02   3.0213100e-02   2.8980400e-02   1.7823800e-02   1.7462400e-02   1.4452100e-02   1.3944500e-02   1.2251300e-02   1.2006000e-02   1.2365900e-02   1.3030800e-02   1.2082200e-02   1.1406100e-02   1.2557000e-02   1.2320700e-02   1.2405700e-02   1.5518200e-02   1.2232000e-02   1.3237700e-02   1.3385600e-02   1.4282400e-02   1.3095000e-02   1.3641500e-02   1.4196100e-02   1.4586900e-02
   5.4368900e-02   3.1324300e-02   2.8254200e-02   2.0156100e-02   1.6734200e-02   1.5609200e-02   1.3186500e-02   1.2355800e-02   1.1962400e-02   1.1907100e-02   1.1077300e-02   1.1075200e-02   1.1637500e-02   1.1901800e-02   1.1474000e-02   1.1682100e-02   1.2968000e-02   1.2249400e-02   1.2603000e-02   1.2250100e-02   1.2901900e-02   1.2475600e-02   1.3625100e-02   1.3095800e-02   1.3040700e-02
   5.8031100e-02   3.4366100e-02   2.1337300e-02   2.1672200e-02   1.6908200e-02   1.7548900e-02   1.4668900e-02   1.3118500e-02   1.3514700e-02   1.4220300e-02   1.2315500e-02   1.2003300e-02   1.3460300e-02   1.1410200e-02   1.1793600e-02   1.1876500e-02   1.3063000e-02   1.2614000e-02   1.3501100e-02   1.3044300e-02   1.3101700e-02   1.9410300e-02   1.4877700e-02   1.3141500e-02   1.4726300e-02
   6.0433300e-02   3.5667500e-02   2.9056800e-02   1.7985100e-02   1.4794200e-02   1.2791300e-02   1.4519800e-02   1.6118700e-02   1.1645900e-02   1.1712900e-02   1.3797100e-02   1.1399400e-02   1.1465800e-02   1.1825700e-02   1.1620800e-02   1.1871900e-02   1.1887200e-02   1.4133000e-02   1.2120700e-02   1.2530100e-02   1.3840800e-02   1.3526900e-02   1.4636500e-02   1.5314200e-02   1.4606300e-02
   5.7399600e-02   3.3533400e-02   2.5990700e-02   2.2732500e-02   1.7450700e-02   1.5146300e-02   1.5853000e-02   1.2396000e-02   1.3431600e-02   1.2335700e-02   1.2654800e-02   1.2174200e-02   1.4231200e-02   1.1203500e-02   1.1973300e-02   1.2008600e-02   1.2439100e-02   1.2162200e-02   1.1937500e-02   1.2471200e-02   1.3514900e-02   1.2670700e-02   1.4090000e-02   1.3345200e-02   1.3323300e-02
   6.7498900e-02   5.4190400e-02   2.6661000e-02   2.5377200e-02   2.5488400e-02   2.0602400e-02   2.1343300e-02   1.2664800e-02   1.2969800e-02   1.2404200e-02   1.4454200e-02   1.3980900e-02   1.1340700e-02   1.2104000e-02   1.2062400e-02   1.5300400e-02   1.6182900e-02   2.2663500e-02   1.6778700e-02   2.5196300e-02   1.3878300e-02   1.3093300e-02   1.9796900e-02   1.4171000e-02   1.3650200e-02
   5.5698600e-02   3.0244400e-02   2.0604100e-02   2.5585300e-02   1.4199800e-02   1.4870600e-02   1.4167600e-02   1.2620200e-02   1.2641600e-02   1.2628600e-02   1.3253500e-02   1.1695800e-02   1.1106800e-02   1.1180200e-02   1.3017500e-02   1.1700800e-02   1.3407200e-02   1.1532200e-02   1.2180400e-02   1.2293500e-02   1.2300500e-02   1.2351600e-02   2.0134300e-02   1.3046600e-02   1.3607600e-02
   5.1833700e-02   3.1423200e-02   2.8598700e-02   2.4536800e-02   1.4999300e-02   1.4131900e-02   1.5040500e-02   1.1520100e-02   1.4464600e-02   1.0812600e-02   1.1180300e-02   1.2173200e-02   1.2536900e-02   1.1031000e-02   1.1238200e-02   1.1672000e-02   1.2272000e-02   1.1249200e-02   1.2300800e-02   1.3049600e-02   1.2330500e-02   1.2656500e-02   1.2694300e-02   1.3044300e-02   1.4152200e-02
   5.3579200e-02   3.1077400e-02   2.7410700e-02   1.7705500e-02   1.9599700e-02   1.5051200e-02   1.5755200e-02   1.2176000e-02   1.2166000e-02   1.2853100e-02   1.2711200e-02   1.2811700e-02   1.1723500e-02   1.1468700e-02   1.5867300e-02   1.1757000e-02   1.1975000e-02   1.3325300e-02   1.3008300e-02   1.4272900e-02   1.3594900e-02   1.2514900e-02   1.4460800e-02   1.3304200e-02   1.3942800e-02
   5.4386200e-02   3.0150000e-02   2.1227800e-02   2.0547800e-02   1.6444600e-02   1.5501000e-02   1.4418800e-02   1.2483700e-02   1.3434900e-02   1.2253300e-02   1.1111100e-02   1.2028000e-02   1.0728900e-02   1.0958600e-02   1.1301600e-02   1.4079700e-02   1.1741100e-02   1.1462200e-02   1.1769100e-02   1.2237000e-02   1.2377300e-02   1.3968000e-02   1.3296000e-02   1.3861100e-02   1.3910000e-02
   5.3753700e-02   2.9624800e-02   2.0185700e-02   1.9279600e-02   1.4937000e-02   1.9148300e-02   1.3292400e-02   1.1439000e-02   1.2909700e-02   1.1514700e-02   1.1475500e-02   1.4706500e-02   1.1526500e-02   1.1730000e-02   1.2006200e-02   1.1762800e-02   1.1520100e-02   1.1441300e-02   1.1244900e-02   1.2190600e-02   1.2298900e-02   1.2437800e-02   1.3208200e-02   1.2968900e-02   1.3272500e-02
   5.5181200e-02   3.0562100e-02   2.0552300e-02   1.9743200e-02   1.5202300e-02   1.3145800e-02   1.3344400e-02   1.4149400e-02   1.1668200e-02   1.1466000e-02   1.1731800e-02   1.1213500e-02   1.2068100e-02   1.0862400e-02   1.2833700e-02   1.2366600e-02   1.1387200e-02   1.1450600e-02   1.2811400e-02   1.3725200e-02   1.2925100e-02   1.2659600e-02   1.2663300e-02   1.3186800e-02   1.3873500e-02
   5.3176200e-02   3.0663700e-02   2.3239100e-02   1.8183400e-02   1.7375700e-02   1.3013900e-02   1.2110900e-02   1.3052800e-02   1.2664100e-02   1.1567800e-02   1.0942000e-02   1.1149400e-02   1.1243600e-02   1.1810200e-02   1.1021700e-02   1.2129000e-02   1.1379500e-02   1.1563800e-02   1.1742700e-02   1.2865000e-02   1.2004700e-02   1.2293500e-02   1.2893200e-02   1.3035400e-02   1.2777900e-02
   5.3224600e-02   3.0611300e-02   2.0934900e-02   1.7385900e-02   1.4726600e-02   1.5466900e-02   1.2499300e-02   1.2195300e-02   1.1221400e-02   1.1676900e-02   1.1078100e-02   1.1932500e-02   1.3202500e-02   1.1087300e-02   1.1505300e-02   1.1173400e-02   1.3237500e-02   1.2236200e-02   1.2051300e-02   1.1841600e-02   1.2750400e-02   1.3522400e-02   1.3067200e-02   1.5084000e-02   1.3061100e-02
   5.5175000e-02   3.0567600e-02   2.0344800e-02   2.1813500e-02   1.8706100e-02   1.3708700e-02   1.2859000e-02   1.2001500e-02   1.3596100e-02   1.2325200e-02   1.0668000e-02   1.1244100e-02   1.0652200e-02   1.1158500e-02   1.1303900e-02   1.2573500e-02   1.1382500e-02   1.2647500e-02   1.1695100e-02   1.1885200e-02   1.2179400e-02   1.2520700e-02   1.2661700e-02   1.2541400e-02   1.2746600e-02
   5.3403800e-02   3.1887100e-02   2.2072300e-02   1.7370200e-02   1.8871900e-02   1.6386000e-02   1.2119500e-02   1.1783600e-02   1.3303700e-02   1.3524500e-02   1.1085400e-02   1.0500700e-02   1.2584000e-02   1.3305700e-02   1.1392700e-02   1.1825500e-02   1.2440600e-02   1.2138400e-02   1.3151100e-02   1.2387500e-02   1.2135400e-02   1.2626100e-02   1.3312800e-02   1.3083700e-02   1.3493900e-02
   5.8745100e-02   3.0106100e-02   2.9067800e-02   1.8146900e-02   1.7741700e-02   1.4099500e-02   1.2481600e-02   1.4406200e-02   1.2825700e-02   1.4269000e-02   1.1585500e-02   1.1685200e-02   1.1692300e-02   1.1704900e-02   1.1778200e-02   1.1209800e-02   1.2859900e-02   1.1677700e-02   1.2946300e-02   1.2640200e-02   1.2151300e-02   1.5548900e-02   1.2655600e-02   1.3825200e-02   1.3193100e-02
   5.3336400e-02   3.0318100e-02   2.1385700e-02   1.8884500e-02   1.7288900e-02   1.8486200e-02   1.4165100e-02   1.2495100e-02   1.3709700e-02   1.1095600e-02   1.1576100e-02   1.1424100e-02   1.2397500e-02   1.1236100e-02   1.0994400e-02   1.1387000e-02   1.1701100e-02   1.2002100e-02   1.1663000e-02   1.1663700e-02   1.2752400e-02   1.2775900e-02   1.3685800e-02   1.2625300e-02   1.3381300e-02
   5.4149800e-02   3.2054500e-02   2.0300600e-02   1.8121600e-02   1.4776300e-02   1.5029900e-02   1.3013000e-02   1.1799900e-02   1.3217200e-02   1.2552200e-02   1.2806900e-02   1.4791600e-02   1.1057600e-02   1.1325000e-02   1.3460000e-02   1.1918900e-02   1.2192700e-02   1.1593400e-02   1.2664100e-02   1.2091900e-02   1.2555900e-02   1.3736100e-02   1.2807900e-02   1.4001100e-02   1.3301400e-02
   5.9264100e-02   3.1485100e-02   2.7870600e-02   1.8597200e-02   1.5420900e-02   1.4086700e-02   1.4063300e-02   1.1874900e-02   1.1551900e-02   1.3068600e-02   1.0982200e-02   1.1781900e-02   1.0733800e-02   1.0948400e-02   1.1444200e-02   1.2862000e-02   1.1097000e-02   1.1229800e-02   1.1415800e-02   1.2208300e-02   1.2251200e-02   1.2378500e-02   1.3079500e-02   1.3054600e-02   1.3027500e-02
   5.2800700e-02   3.1213700e-02   2.1386600e-02   1.8158800e-02   1.3905000e-02   1.5215000e-02   1.2052600e-02   1.2210800e-02   1.1188100e-02   1.2288100e-02   1.1562500e-02   1.2116100e-02   1.2809900e-02   1.2487100e-02   1.1493100e-02   1.1235000e-02   1.2286600e-02   1.1604400e-02   1.1704100e-02   1.2077500e-02   1.1973800e-02   1.3185300e-02   1.2366500e-02   1.2811800e-02   1.3044300e-02
   5.4999200e-02   3.0412800e-02   2.7457500e-02   1.7520300e-02   1.5502900e-02   1.2342500e-02   1.4767000e-02   1.2162800e-02   1.3547600e-02   1.1714200e-02   1.1026700e-02   1.0522300e-02   1.2474800e-02   1.0734500e-02   1.1565600e-02   1.2600900e-02   1.2050800e-02   1.2360300e-02   1.3374700e-02   1.2229900e-02   1.2291500e-02   1.2481000e-02   1.2696500e-02   1.6650400e-02   1.3007900e-02
   5.4765300e-02   3.0794900e-02   2.2931600e-02   2.1721200e-02   1.4796900e-02   1.4870000e-02   1.2163600e-02   1.1662000e-02   1.1379100e-02   1.1634500e-02   1.1317800e-02   1.1134800e-02   1.0647900e-02   1.0922800e-02   1.1728600e-02   1.5294000e-02   1.3399900e-02   1.1336400e-02   1.1532300e-02   1.2523100e-02   1.2405300e-02   1.2118400e-02   1.2686300e-02   1.3480200e-02   1.4350000e-02
   5.3110600e-02   3.2225400e-02   2.0616300e-02   1.7603000e-02   1.5783900e-02   1.2858200e-02   1.2076100e-02   1.1330900e-02   1.5584400e-02   2.0252400e-02   1.1394200e-02   1.1811500e-02   1.2193200e-02   1.2284200e-02   1.0880500e-02   1.1508600e-02   1.2402800e-02   1.1913200e-02   1.1754000e-02   1.1511700e-02   1.4478700e-02   1.2488800e-02   1.2547800e-02   1.3103400e-02   1.3744600e-02
   5.9724500e-02   3.5043200e-02   1.9768800e-02   1.8812400e-02   1.5631600e-02   1.4428500e-02   1.3993100e-02   1.4409400e-02   1.2068700e-02   1.8835500e-02   1.1527700e-02   1.1411200e-02   1.2027400e-02   1.1169500e-02   1.0634800e-02   1.1719400e-02   1.2495900e-02   1.1580900e-02   1.2001100e-02   1.1940200e-02   1.2176000e-02   1.3463200e-02   1.2813900e-02   1.2881200e-02   1.4302000e-02
   5.2357100e-02   2.9204800e-02   2.0257500e-02   1.8469300e-02   1.8294600e-02   1.5499400e-02   1.1326900e-02   1.1242800e-02   1.1242300e-02   1.1110700e-02   1.1272500e-02   1.2382800e-02   1.0989800e-02   1.0899600e-02   1.2174200e-02   1.1409500e-02   1.2065600e-02   1.1817900e-02   1.2118100e-02   1.1937200e-02   1.2004400e-02   1.2255500e-02   1.3226700e-02   1.8487000e-02   1.3620300e-02
   5.5982200e-02   3.0859600e-02   1.9799000e-02   1.9748500e-02   1.8421100e-02   1.5184200e-02   1.2267300e-02   1.3732500e-02   1.3099100e-02   1.2517200e-02   1.1275500e-02   1.1095200e-02   1.1907900e-02   1.2601500e-02   1.2362100e-02   1.1902800e-02   1.1643600e-02   1.2012800e-02   1.2413700e-02   1.2781100e-02   1.2835000e-02   1.2928000e-02   1.2870700e-02   1.3456200e-02   1.3552900e-02
   5.6269400e-02   2.9485500e-02   3.4074000e-02   1.8326300e-02   1.8808900e-02   1.5434000e-02   1.4071500e-02   1.1579800e-02   1.2637100e-02   1.2019400e-02   1.3144600e-02   1.1888200e-02   1.0978200e-02   1.3713200e-02   1.6715900e-02   1.2398300e-02   1.1522200e-02   1.3206600e-02   1.2523400e-02   1.2404800e-02   1.2093500e-02   1.3088000e-02   1.5730100e-02   1.3729600e-02   1.3623700e-02
   5.4348700e-02   2.8804500e-02   2.5350100e-02   1.6924400e-02   1.6633300e-02   1.2572600e-02   1.2830300e-02   1.2944800e-02   1.3110600e-02   1.2564500e-02   1.2101300e-02   1.1989400e-02   1.1376700e-02   1.2609800e-02   1.3601100e-02   1.2528100e-02   1.1530100e-02   1.2508800e-02   1.2502800e-02   1.2897400e-02   1.2745700e-02   1.2986000e-02   1.3146000e-02   1.3522300e-02   1.3833600e-02
   5.4726900e-02   3.1194500e-02   2.0295400e-02   1.8760100e-02   1.7808900e-02   1.2973200e-02   1.4660600e-02   1.3233400e-02   1.5109400e-02   1.3524000e-02   1.5014200e-02   1.1821200e-02   1.1206000e-02   1.1862500e-02   1.1721000e-02   1.4508900e-02   1.1980800e-02   1.3336700e-02   1.1981900e-02   1.2529100e-02   1.3357800e-02   1.3193800e-02   1.5352700e-02   2.0888100e-02   1.3912300e-02
   5.5041200e-02   3.0972900e-02   2.1256600e-02   2.6075500e-02   1.6740800e-02   1.4107900e-02   1.4882500e-02   1.2610000e-02   1.1925300e-02   1.1962500e-02   1.1822300e-02   1.1282900e-02   1.1175300e-02   1.4283200e-02   1.1475500e-02   1.6112100e-02   1.2508100e-02   1.1430100e-02   1.1789600e-02   1.1921700e-02   1.2876200e-02   1.2549500e-02   1.2976000e-02   1.4740200e-02   1.4441100e-02
   5.7697000e-02   3.2487600e-02   2.1409600e-02   1.9084300e-02   1.8025600e-02   1.4866300e-02   1.3096700e-02   1.5106800e-02   1.1767000e-02   1.1376000e-02   1.2319100e-02   1.5253200e-02   1.2541700e-02   1.2093500e-02   1.1792300e-02   1.1787700e-02   1.1535500e-02   1.2266900e-02   1.2641300e-02   1.2604400e-02   1.2712400e-02   1.3791000e-02   1.3229000e-02   1.3815100e-02   1.5191100e-02
   5.2084600e-02   3.0302800e-02   2.1435700e-02   2.0573000e-02   2.0540000e-02   1.2997300e-02   2.0510000e-02   1.1880600e-02   1.1555300e-02   1.2222900e-02   1.1145100e-02   1.0897600e-02   1.0875800e-02   1.2403600e-02   1.1621000e-02   1.1856500e-02   1.2046200e-02   1.1700500e-02   1.2625400e-02   1.2793100e-02   1.2185400e-02   1.2863400e-02   1.3219400e-02   1.3351100e-02   1.3173500e-02
   5.6720300e-02   3.0845800e-02   2.0023400e-02   1.6935200e-02   1.8228900e-02   1.7429200e-02   1.5829300e-02   1.1557700e-02   1.1152600e-02   1.1965700e-02   1.6153500e-02   1.0805000e-02   1.1462300e-02   1.0923900e-02   1.1166200e-02   1.2323100e-02   1.1395300e-02   1.1628300e-02   1.2062600e-02   1.2262800e-02   1.4306800e-02   1.2355600e-02   1.2731200e-02   1.2733800e-02   1.3569300e-02
   5.5775400e-02   3.2813200e-02   2.0775100e-02   2.0336400e-02   1.9508000e-02   1.4647300e-02   1.4465300e-02   1.5470200e-02   1.2110300e-02   1.2057200e-02   1.2800400e-02   1.1972600e-02   1.1040600e-02   1.2041000e-02   1.1955500e-02   1.1965000e-02   1.1214700e-02   1.1459400e-02   1.2425100e-02   1.5347900e-02   1.3098100e-02   1.2295600e-02   1.2415100e-02   1.3534300e-02   1.3222900e-02
   6.1587600e-02   3.0315000e-02   2.9946200e-02   1.6974500e-02   1.7628600e-02   1.5957100e-02   1.5345200e-02   1.2620600e-02   1.2393900e-02   1.1844100e-02   1.2647900e-02   1.3745200e-02   1.1955700e-02   1.2303200e-02   1.3031800e-02   1.3316400e-02   1.2932400e-02   1.4667800e-02   1.2829300e-02   1.2481900e-02   1.2640400e-02   1.2585100e-02   2.0739300e-02   1.3148800e-02   1.5037200e-02
   5.9397200e-02   3.9399600e-02   2.0331300e-02   1.6970100e-02   1.5775300e-02   1.4790500e-02   1.2446100e-02   1.1827900e-02   1.1805900e-02   1.2803600e-02   1.1248100e-02   1.1973900e-02   1.4768000e-02   1.1266100e-02   1.1414500e-02   1.1573600e-02   1.2573000e-02   1.1777600e-02   1.2642900e-02   1.4476400e-02   1.2752500e-02   1.2625000e-02   1.3105200e-02   1.4145600e-02   1.4009700e-02
   5.4394600e-02   2.9412600e-02   2.6116200e-02   1.6942600e-02   1.6321600e-02   1.7283600e-02   1.5720500e-02   1.4731500e-02   1.5733200e-02   1.1835000e-02   1.2134300e-02   1.1827900e-02   1.1231200e-02   1.1818400e-02   1.2118600e-02   1.3284800e-02   1.1703400e-02   1.2208500e-02   1.1915400e-02   1.2632400e-02   1.3259200e-02   1.3384400e-02   1.4407300e-02   1.5136900e-02   1.5500500e-02
   5.5342400e-02   2.9510500e-02   2.5699500e-02   2.1368600e-02   1.6271100e-02   1.3068200e-02   1.2951800e-02   1.3468000e-02   1.3112500e-02   1.1203800e-02   1.5547900e-02   1.1696200e-02   1.1500400e-02   1.2109600e-02   1.1758600e-02   1.2291500e-02   1.4500200e-02   1.2333900e-02   1.2398500e-02   1.2610000e-02   1.2439900e-02   1.2799900e-02   1.3073800e-02   1.3009500e-02   1.5435800e-02
   5.2498900e-02   2.9824100e-02   2.8982300e-02   1.9175300e-02   1.8542400e-02   1.5260900e-02   1.5682200e-02   1.2138800e-02   1.1856200e-02   1.1604000e-02   1.1418900e-02   1.2275700e-02   1.1206200e-02   1.2038200e-02   1.1378400e-02   1.4513600e-02   1.1713200e-02   1.1746000e-02   1.1956200e-02   1.2465000e-02   1.1788300e-02   1.2331700e-02   1.9447200e-02   1.4489700e-02   1.3419700e-02
   5.4599800e-02   3.0113200e-02   1.9770900e-02   1.7907100e-02   1.5632700e-02   1.7723100e-02   1.4098900e-02   1.2668100e-02   1.0915700e-02   1.8639200e-02   1.2075800e-02   1.0980500e-02   1.3454800e-02   1.1107300e-02   1.1168600e-02   1.1815800e-02   1.1756300e-02   1.2379700e-02   1.3634500e-02   1.2693900e-02   1.9204900e-02   1.2498400e-02   1.3811300e-02   1.3136700e-02   1.3187800e-02
   5.3479900e-02   2.9348600e-02   2.7995500e-02   1.8234400e-02   1.7445100e-02   1.5594900e-02   1.8715000e-02   1.1509800e-02   1.3209600e-02   1.1462900e-02   1.2431300e-02   1.3419100e-02   1.1562700e-02   1.1891700e-02   1.1637800e-02   1.2684700e-02   1.1954900e-02   1.1697100e-02   1.2476100e-02   1.3430300e-02   1.2802700e-02   1.2123300e-02   1.2564500e-02   1.3451100e-02   1.3800900e-02
   5.3348200e-02   3.0256500e-02   2.3462900e-02   2.6523200e-02   1.5751600e-02   1.6473200e-02   1.2544800e-02   1.1792900e-02   1.8270800e-02   1.1464600e-02   1.1594600e-02   1.1976100e-02   1.1483600e-02   1.1398900e-02   1.1337400e-02   1.3178900e-02   1.2928800e-02   1.1754400e-02   1.3434800e-02   1.2155400e-02   1.2193400e-02   1.2636400e-02   1.3612100e-02   1.3456200e-02   1.3730000e-02
   5.4095800e-02   3.0812400e-02   2.7187700e-02   1.8460200e-02   1.4411400e-02   1.4035500e-02   1.3227200e-02   1.3791300e-02   1.4896200e-02   1.1896200e-02   1.5905700e-02   1.1202900e-02   1.1242700e-02   1.1484400e-02   1.1293800e-02   1.2961800e-02   1.2080300e-02   1.3592300e-02   1.3915100e-02   1.2366200e-02   1.1990800e-02   1.3406700e-02   1.4692600e-02   1.3039200e-02   1.3566700e-02
   5.6995800e-02   2.9658400e-02   2.6267900e-02   1.6896700e-02   1.9158600e-02   2.5673500e-02   2.2374000e-02   1.3189100e-02   1.2200900e-02   1.2221400e-02   1.1779900e-02   1.1316100e-02   1.1949600e-02   1.1826900e-02   1.2725900e-02   1.1570000e-02   1.1983600e-02   1.1963400e-02   1.2478100e-02   1.3543900e-02   1.2694700e-02   1.2866300e-02   1.4659100e-02   1.4293200e-02   1.3248300e-02
   5.4217500e-02   3.4950100e-02   3.0008600e-02   2.7987600e-02   1.4849300e-02   1.4091300e-02   1.2227400e-02   1.3109500e-02   1.1939400e-02   1.2928700e-02   1.1528200e-02   1.2818600e-02   1.2280000e-02   1.2080600e-02   1.1423500e-02   1.1816500e-02   1.2086000e-02   1.1760900e-02   1.2281200e-02   1.3147600e-02   1.2563800e-02   1.2545900e-02   1.3014200e-02   1.3245400e-02   1.3658600e-02
   5.6541300e-02   3.1147800e-02   2.1668700e-02   1.8625200e-02   1.5643600e-02   1.6072400e-02   1.2600000e-02   1.5441900e-02   1.2313600e-02   1.4172100e-02   1.1629400e-02   1.1012900e-02   1.2070100e-02   1.2296400e-02   1.1450900e-02   1.1818300e-02   1.3231800e-02   1.1825500e-02   1.1788200e-02   1.5393400e-02   1.4324700e-02   1.3269200e-02   1.3102800e-02   1.3326100e-02   1.4074800e-02
   5.4878000e-02   3.0097400e-02   2.7741400e-02   1.7720700e-02   1.6141700e-02   1.9298800e-02   1.5348000e-02   1.1556200e-02   1.3648200e-02   1.2449100e-02   1.1970600e-02   1.1798700e-02   1.1984100e-02   1.0877900e-02   1.1958500e-02   1.3006100e-02   1.1201400e-02   1.2501400e-02   1.2587600e-02   1.3009500e-02   1.2791400e-02   1.2636800e-02   1.2872800e-02   1.3595900e-02   1.3171300e-02
   5.3137300e-02   3.0918500e-02   2.0004500e-02   1.7551700e-02   1.5693900e-02   1.4073100e-02   1.1513800e-02   1.4061200e-02   1.0849800e-02   1.3353100e-02   1.2981800e-02   1.2031600e-02   1.1579100e-02   1.1707400e-02   1.1967900e-02   1.1710000e-02   1.1877000e-02   1.1783100e-02   1.2320400e-02   1.2092100e-02   1.3274600e-02   1.2991100e-02   1.3240100e-02   1.3520700e-02   1.3964900e-02
   6.5748900e-02   3.7564800e-02   2.9280800e-02   1.8161700e-02   1.4729200e-02   1.4849600e-02   1.3073700e-02   1.1782300e-02   1.1275600e-02   1.1631500e-02   1.3195200e-02   1.0890400e-02   1.8597000e-02   1.1478900e-02   1.0992100e-02   1.1456600e-02   1.1737800e-02   1.1605600e-02   1.2022200e-02   1.2491400e-02   1.2133300e-02   1.3135200e-02   1.3180200e-02   1.3485100e-02   1.4103500e-02
   5.3564900e-02   3.2006400e-02   2.0829500e-02   1.9591700e-02   1.6797100e-02   1.6109200e-02   1.4919900e-02   1.1769200e-02   1.2052300e-02   1.1247800e-02   1.1477300e-02   1.1399400e-02   1.1587700e-02   1.0967800e-02   1.1482900e-02   1.1273300e-02   1.1788100e-02   1.1569800e-02   1.1785900e-02   1.1799300e-02   1.3241300e-02   1.1919500e-02   1.3368500e-02   1.2968900e-02   1.3924700e-02
   5.4492900e-02   2.9574300e-02   2.3516200e-02   2.0520400e-02   1.7955600e-02   1.8034000e-02   1.3991400e-02   1.3675900e-02   1.4759900e-02   1.2157700e-02   1.1864500e-02   1.2350900e-02   1.2713000e-02   1.2154200e-02   1.1868900e-02   1.2576700e-02   1.2643400e-02   1.2697600e-02   1.1477100e-02   1.3052200e-02   1.7851800e-02   1.5675100e-02   1.3015000e-02   1.4171200e-02   1.3160700e-02
   5.2833900e-02   2.9787700e-02   2.4206000e-02   1.7482800e-02   1.7012900e-02   1.4438000e-02   1.3023300e-02   1.6768600e-02   1.5072600e-02   1.1928500e-02   1.1572900e-02   1.1940700e-02   1.2982200e-02   1.1421900e-02   1.1000200e-02   1.1491300e-02   1.2111900e-02   1.1258300e-02   1.1497400e-02   1.2181600e-02   1.2293900e-02   1.2503900e-02   1.2475600e-02   1.4752100e-02   1.3134200e-02
   5.8068800e-02   3.3763100e-02   2.4845500e-02   1.8593100e-02   1.5738100e-02   1.3774900e-02   1.4705100e-02   1.6323200e-02   1.1660000e-02   1.3075300e-02   1.6746400e-02   1.2484400e-02   1.2040300e-02   1.2245900e-02   1.1313600e-02   1.1718500e-02   1.4835800e-02   1.4112300e-02   2.2360700e-02   1.4612900e-02   1.3333100e-02   2.4321600e-02   1.5326600e-02   1.3739300e-02   1.7367900e-02
   5.3765100e-02   3.0981900e-02   2.0175400e-02   1.7703900e-02   1.5155600e-02   1.2346600e-02   1.4912800e-02   1.2181200e-02   1.2110800e-02   1.3408900e-02   1.2298800e-02   1.2972600e-02   1.2656700e-02   1.2971600e-02   1.1216300e-02   1.1419600e-02   1.2469000e-02   1.1652200e-02   1.2611900e-02   1.2142600e-02   1.2063800e-02   1.3428100e-02   1.3304700e-02   1.3373800e-02   1.4135100e-02
   5.5812200e-02   3.1604700e-02   2.0032600e-02   1.9154800e-02   1.8587700e-02   1.3513200e-02   1.3907300e-02   1.3939300e-02   1.5055300e-02   1.4073100e-02   1.3589900e-02   1.1185200e-02   1.1459200e-02   1.2814100e-02   1.2068100e-02   1.2719700e-02   1.2141600e-02   1.2133400e-02   1.2080500e-02   1.4263100e-02   1.3936400e-02   1.3981100e-02   1.3375200e-02   1.5759400e-02   1.4625300e-02
   5.5288100e-02   3.2419100e-02   2.0893400e-02   1.7929100e-02   1.4946000e-02   1.2371700e-02   1.4618200e-02   1.1820400e-02   1.4573900e-02   1.1700600e-02   1.0848000e-02   1.1247200e-02   1.3308300e-02   1.2405300e-02   1.0947200e-02   1.0570900e-02   1.1983300e-02   1.2146500e-02   1.2870900e-02   1.4379900e-02   1.2720400e-02   1.5054700e-02   1.3295100e-02   1.2853600e-02   1.3756700e-02
   5.5583500e-02   3.1764700e-02   2.1218500e-02   2.9099600e-02   1.8124300e-02   1.9463800e-02   1.4584600e-02   1.3618300e-02   1.2838000e-02   1.3188800e-02   1.3204900e-02   1.3216000e-02   1.2510200e-02   1.1821800e-02   1.2035200e-02   1.1260200e-02   1.1552400e-02   1.2857500e-02   1.3369600e-02   1.3834100e-02   1.2810500e-02   1.3275400e-02   1.3566100e-02   1.4564900e-02   1.3723300e-02
   6.2287000e-02   3.3475800e-02   2.4859700e-02   1.7986200e-02   1.4387300e-02   1.5264100e-02   1.2724700e-02   1.2745000e-02   1.1417200e-02   1.1548000e-02   1.1438500e-02   1.3388800e-02   1.0731200e-02   1.2651300e-02   1.2189900e-02   1.1287600e-02   1.1777700e-02   1.9146800e-02   1.2286400e-02   1.3650500e-02   1.3168000e-02   1.2698600e-02   1.2449700e-02   1.6782700e-02   1.5903100e-02
   5.7346500e-02   3.4015400e-02   2.7035500e-02   1.9010700e-02   1.5347200e-02   1.6230800e-02   1.5445600e-02   1.3606500e-02   1.3727600e-02   1.5756500e-02   1.1568700e-02   1.3533300e-02   1.2436200e-02   1.2196200e-02   1.2914700e-02   1.1964200e-02   1.4933800e-02   1.4281200e-02   1.2955600e-02   1.2550200e-02   1.2321700e-02   1.3868200e-02   1.5738100e-02   2.1371700e-02   1.4706300e-02
   5.8122800e-02   3.0841800e-02   2.7503000e-02   2.0793700e-02   1.9396300e-02   1.3330000e-02   1.5402200e-02   1.2148400e-02   1.2380600e-02   1.2567700e-02   1.2997400e-02   1.2565800e-02   1.4572800e-02   1.2352000e-02   2.4042100e-02   1.5894100e-02   1.3847400e-02   1.2836500e-02   1.3844400e-02   1.7187300e-02   1.6479300e-02   1.4370700e-02   2.0549400e-02   1.4262000e-02   1.5324800e-02
   5.3458100e-02   3.0674100e-02   2.7758100e-02   2.2212500e-02   1.6632300e-02   1.4337300e-02   1.2369000e-02   1.2615600e-02   1.1763500e-02   1.2424800e-02   1.4732000e-02   1.2213700e-02   1.1659800e-02   1.1391800e-02   1.1539300e-02   1.2313000e-02   1.2098100e-02   1.1969700e-02   1.2293800e-02   1.3133400e-02   1.2746900e-02   1.2864000e-02   1.3365900e-02   1.4582000e-02   1.3977200e-02
   5.8302300e-02   2.9800800e-02   2.1144900e-02   1.9991200e-02   1.4722500e-02   1.3724700e-02   1.3378500e-02   1.4170600e-02   1.4366100e-02   1.2053600e-02   1.1670000e-02   1.3850700e-02   1.2351700e-02   1.1795200e-02   1.2793600e-02   1.1218200e-02   1.4335700e-02   1.2926200e-02   1.1768900e-02   1.2934500e-02   1.3594400e-02   1.2810700e-02   1.3040900e-02   1.3460100e-02   1.3210700e-02
   6.1740500e-02   4.4058100e-02   2.2823500e-02   2.7402600e-02   2.0270000e-02   1.6533400e-02   1.3616600e-02   1.5818400e-02   1.1739300e-02   1.2508800e-02   1.3740900e-02   1.0477300e-02   1.2545600e-02   1.1832900e-02   1.1969800e-02   1.5260000e-02   1.2642100e-02   1.2230100e-02   1.4676800e-02   1.2112100e-02   1.3328700e-02   1.2902500e-02   1.3139200e-02   1.3201200e-02   1.2991700e-02
   5.5374600e-02   3.3374700e-02   2.6888700e-02   1.7635400e-02   1.5214500e-02   1.5535900e-02   1.3216600e-02   1.3881600e-02   1.2923500e-02   1.1519700e-02   1.6706700e-02   1.9680400e-02   1.5381800e-02   1.3759000e-02   1.3628700e-02   2.0066400e-02   1.5811000e-02   1.3075600e-02   1.4687000e-02   1.5145800e-02   1.4033300e-02   1.3259500e-02   1.4073200e-02   2.6948000e-02   1.6748400e-02
   5.5509400e-02   3.1857700e-02   2.6235900e-02   1.7425500e-02   1.5855700e-02   1.2329800e-02   1.1596400e-02   1.1999800e-02   1.3112000e-02   1.3314500e-02   1.1263700e-02   1.3320500e-02   1.1309600e-02   1.1049400e-02   1.2948800e-02   1.1924600e-02   1.1273000e-02   1.2107000e-02   1.3317700e-02   1.2008200e-02   1.2338000e-02   1.3605400e-02   1.4024100e-02   1.2737200e-02   1.3510300e-02
   5.6501900e-02   3.4133500e-02   2.0863600e-02   1.7261200e-02   1.6143000e-02   1.4411700e-02   1.3882700e-02   1.3697100e-02   1.2337500e-02   1.3310000e-02   1.1921900e-02   1.1187700e-02   1.1678200e-02   1.2144100e-02   1.2137200e-02   1.2562300e-02   1.2152700e-02   1.1935700e-02   1.2347800e-02   1.3200000e-02   1.4206300e-02   1.2377800e-02   1.3332600e-02   1.3424700e-02   1.3446300e-02
   5.3237100e-02   3.2060300e-02   2.1206300e-02   2.1002600e-02   1.6682200e-02   1.3859800e-02   1.3465300e-02   1.3443400e-02   1.2302200e-02   1.3384800e-02   1.3199000e-02   1.1484400e-02   1.4973800e-02   1.3255800e-02   1.1970100e-02   1.2190900e-02   1.3475100e-02   1.2856900e-02   2.3255300e-02   1.4561000e-02   1.3160800e-02   1.3162000e-02   1.7517600e-02   1.2852600e-02   1.3659800e-02
   5.6329100e-02   3.1653000e-02   3.3859900e-02   2.2412100e-02   1.6902300e-02   1.3195500e-02   1.2097300e-02   1.5546700e-02   1.2133500e-02   1.3297200e-02   1.2725700e-02   1.7380500e-02   1.1270600e-02   1.2686900e-02   1.1480900e-02   1.1891400e-02   1.2113800e-02   1.2432700e-02   1.1485100e-02   1.2086900e-02   1.2410500e-02   1.3407500e-02   1.3397200e-02   1.3248700e-02   1.3730000e-02
   5.3609400e-02   2.9120700e-02   2.2606600e-02   1.7469100e-02   1.7544800e-02   1.4390300e-02   1.4148300e-02   1.2412400e-02   1.2115100e-02   1.1197700e-02   1.1670200e-02   1.1095600e-02   1.1744600e-02   1.1297000e-02   1.1741600e-02   1.1377300e-02   1.1842700e-02   1.2181000e-02   1.3377500e-02   1.3517000e-02   1.3731900e-02   1.3245100e-02   1.3005800e-02   1.3512700e-02   1.3565800e-02
   5.5944100e-02   3.0240500e-02   2.4428800e-02   1.8846700e-02   1.9175700e-02   1.4695400e-02   1.2610800e-02   1.4051500e-02   1.2010300e-02   1.2503200e-02   1.5354100e-02   1.1385600e-02   1.2558100e-02   1.1932400e-02   1.2727400e-02   1.1577000e-02   2.2636200e-02   1.3020700e-02   1.2059500e-02   1.3299000e-02   1.3652000e-02   1.5209500e-02   1.3898100e-02   1.3046200e-02   1.3633000e-02
   5.8079200e-02   3.1893200e-02   2.0627300e-02   1.9869900e-02   1.5731400e-02   1.3044400e-02   1.4728000e-02   1.4174600e-02   1.2130400e-02   1.3062300e-02   1.4074200e-02   1.2360300e-02   1.2566000e-02   1.2228400e-02   1.2671200e-02   1.2217500e-02   1.1977400e-02   1.2447800e-02   2.0426100e-02   1.3321800e-02   1.2710300e-02   1.5362300e-02   1.4259100e-02   1.3100900e-02   1.3787500e-02
   5.9955900e-02   3.3887800e-02   2.4287900e-02   2.1364700e-02   1.9741900e-02   1.6054400e-02   1.3287100e-02   1.2938100e-02   1.4708200e-02   1.2740200e-02   1.5354200e-02   1.2102500e-02   1.3548700e-02   1.1283600e-02   1.2062800e-02   1.1572900e-02   1.1598400e-02   1.4451900e-02   1.3631800e-02   1.2500500e-02   1.2992100e-02   1.3267800e-02   1.2775800e-02   1.2804200e-02   1.3205200e-02
   5.5153800e-02   3.1421300e-02   2.0479900e-02   1.8680400e-02   1.7693400e-02   1.6385500e-02   1.4096500e-02   1.3858000e-02   1.3522700e-02   1.2369100e-02   1.2594400e-02   1.3485900e-02   1.4416900e-02   1.1892400e-02   1.4202000e-02   1.2970000e-02   1.2342800e-02   1.2949800e-02   1.3160900e-02   1.2447000e-02   1.2629300e-02   1.2680500e-02   1.4486000e-02   1.4495900e-02   1.3318700e-02
   5.2706200e-02   2.9577200e-02   2.2340300e-02   1.9045800e-02   1.5815400e-02   1.4146100e-02   1.7575300e-02   1.7226300e-02   1.2536600e-02   1.6433300e-02   1.1604200e-02   1.1703200e-02   1.2363200e-02   1.1892000e-02   1.2286900e-02   1.2183200e-02   1.3540000e-02   1.2434600e-02   1.1892000e-02   1.3336900e-02   1.4125000e-02   1.4835000e-02   1.2564200e-02   1.3964400e-02   1.3147900e-02
   5.5537700e-02   3.1540000e-02   2.2536500e-02   2.5929300e-02   1.6006600e-02   1.4584600e-02   1.2237400e-02   1.6038200e-02   1.3301600e-02   1.2164900e-02   1.1518900e-02   1.4892300e-02   1.1282800e-02   1.1643400e-02   1.1325200e-02   1.1660100e-02   1.1907300e-02   1.1405700e-02   1.2970600e-02   1.2410900e-02   1.2216400e-02   1.3347200e-02   1.3025400e-02   1.3219900e-02   1.7413700e-02
   5.8238900e-02   3.1096700e-02   2.3889500e-02   2.8461400e-02   1.8533000e-02   1.5360400e-02   1.5600100e-02   1.6352100e-02   1.9664000e-02   1.2102400e-02   1.2438100e-02   1.3650700e-02   1.4842200e-02   1.3586500e-02   1.1933200e-02   1.3373700e-02   1.4177400e-02   1.5430200e-02   1.2557100e-02   1.4416700e-02   1.2944200e-02   1.3696100e-02   1.4579200e-02   1.3970200e-02   1.4612500e-02
   5.4955400e-02   3.2583300e-02   2.9383200e-02   2.1301100e-02   1.9122300e-02   1.4988800e-02   1.6898400e-02   1.5184600e-02   1.2501900e-02   1.1398600e-02   1.2044600e-02   1.1735800e-02   1.2664700e-02   1.1451800e-02   1.2259700e-02   1.3139800e-02   1.2746700e-02   1.2224600e-02   1.2646800e-02   1.2204300e-02   1.2541600e-02   1.3271400e-02   1.3580500e-02   1.5200600e-02   1.4079800e-02
   5.6968500e-02   2.8937100e-02   2.1323700e-02   2.0924400e-02   1.6935500e-02   1.7063400e-02   1.3585600e-02   1.1794200e-02   1.1677600e-02   1.2170800e-02   1.3309900e-02   1.2070800e-02   1.2042700e-02   1.1457900e-02   1.1551700e-02   1.2275800e-02   1.2832500e-02   1.2441900e-02   1.3946900e-02   1.4536200e-02   1.2576300e-02   1.3676700e-02   1.6929000e-02   1.2734900e-02   1.3535800e-02
   5.5562700e-02   3.1331900e-02   2.2918200e-02   2.0298100e-02   1.5523600e-02   1.4680600e-02   1.4060200e-02   1.2072600e-02   1.2865500e-02   1.5831400e-02   1.1748400e-02   1.0533600e-02   1.5794700e-02   1.2354400e-02   1.3464300e-02   1.2016900e-02   1.2115900e-02   1.4919800e-02   1.2806100e-02   1.2788200e-02   1.3364800e-02   1.5954700e-02   2.0545800e-02   1.3969900e-02   1.4411700e-02
   5.3959600e-02   3.0886400e-02   2.0748600e-02   1.8201400e-02   1.6511100e-02   1.5970300e-02   1.2329400e-02   1.3195200e-02   1.3169100e-02   1.2851400e-02   1.1647200e-02   1.4375200e-02   1.4281000e-02   1.1185300e-02   1.1145900e-02   1.8030400e-02   1.4397100e-02   1.1871900e-02   1.2225700e-02   1.2393100e-02   1.2370200e-02   1.3146500e-02   1.3530600e-02   1.3331100e-02   1.4840900e-02
   6.0044500e-02   3.2677000e-02   2.4116800e-02   1.7395400e-02   1.6653700e-02   1.5276900e-02   1.4247600e-02   1.2906300e-02   1.2765400e-02   1.2576200e-02   1.3820400e-02   1.3768000e-02   1.2220600e-02   1.3363700e-02   1.2017100e-02   1.4118800e-02   1.1884000e-02   1.4701300e-02   1.2503600e-02   1.2439100e-02   1.1982000e-02   1.3206400e-02   1.3810400e-02   1.3759900e-02   1.4504200e-02
   5.9132600e-02   3.0654400e-02   2.9751900e-02   2.0043500e-02   1.6142700e-02   1.9381600e-02   1.4923700e-02   1.1977000e-02   1.2610000e-02   1.3187200e-02   1.0934200e-02   1.1648800e-02   1.3780000e-02   1.1130100e-02   1.1615200e-02   1.1559900e-02   1.1474400e-02   1.1414400e-02   1.3646500e-02   1.2167800e-02   1.3754200e-02   1.3967500e-02   1.3099000e-02   1.2689100e-02   1.4082000e-02
   5.6703100e-02   3.0850300e-02   2.2381400e-02   1.7349200e-02   1.4735100e-02   1.3913200e-02   1.4504800e-02   1.2632600e-02   1.1335800e-02   1.1330700e-02   1.0898900e-02   1.0912800e-02   1.1304500e-02   1.1990600e-02   1.2137000e-02   1.1785100e-02   1.2408700e-02   1.2556200e-02   1.3613200e-02   1.2359300e-02   1.3625100e-02   1.2488900e-02   1.3991100e-02   1.4792200e-02   1.3348800e-02
   5.3163800e-02   3.1466700e-02   2.0389700e-02   2.3766100e-02   1.6692400e-02   2.1000100e-02   1.4018300e-02   1.1769400e-02   1.4373700e-02   1.1881200e-02   1.0812300e-02   1.1464100e-02   1.1552300e-02   1.2185800e-02   1.2523300e-02   1.1224800e-02   1.1660500e-02   1.2515400e-02   1.3525900e-02   1.2223800e-02   1.2013800e-02   1.2824700e-02   1.6890600e-02   1.4199100e-02   1.7687500e-02
   5.4721300e-02   3.2678700e-02   2.0825400e-02   1.8156700e-02   1.7601000e-02   1.4186400e-02   1.7065000e-02   1.2866800e-02   1.2565100e-02   1.2360700e-02   1.1125100e-02   1.1801800e-02   1.1612200e-02   1.1916100e-02   1.2004400e-02   1.1315400e-02   1.2646800e-02   1.1564000e-02   1.2550700e-02   1.2065300e-02   1.3157000e-02   1.2525500e-02   1.2894200e-02   1.3111300e-02   1.3189000e-02
   5.7162600e-02   3.4362400e-02   2.1875900e-02   1.8877200e-02   1.7476000e-02   1.3007000e-02   1.5691200e-02   1.3813000e-02   1.5298600e-02   1.2527000e-02   1.3206500e-02   1.0796700e-02   1.1962700e-02   1.2112100e-02   1.2750300e-02   1.3476700e-02   1.2529600e-02   1.2680000e-02   1.2194400e-02   1.2913200e-02   1.5373000e-02   1.3503000e-02   1.2989800e-02   1.3987700e-02   1.4021200e-02
   5.5492300e-02   3.1555900e-02   3.3059900e-02   1.8439900e-02   2.0308300e-02   1.3929900e-02   1.6665400e-02   1.5659100e-02   1.3258400e-02   1.3170200e-02   1.3740200e-02   1.1853900e-02   1.1738800e-02   1.2437200e-02   1.1725800e-02   1.4778400e-02   1.2306200e-02   1.1677400e-02   1.3162800e-02   1.2418600e-02   1.2579000e-02   1.2797200e-02   1.3108000e-02   1.3713100e-02   1.3108200e-02
